120

0)
4
1000
1
10
100
1110
3
YES

1)
4
1000
1
10
100
1109
3
NO

2)
2
33
4
33
1
YES

3)
6
1
1
1
1
1
1
2
4
NO

4)
9
1000
1000
1000
1000
1000
1000
1000
1000
1000
10000
9
YES

5)
3
744
263
530
9701
1
YES

6)
8
257
257
120
712
352
844
706
109
6394
3
YES

7)
4
170
933
918
848
7973
1
YES

8)
2
224
550
7593
1
YES

9)
2
552
428
6191
1
YES

10)
4
921
945
311
863
8485
4
YES

11)
7
711
237
877
432
930
398
676
492
3
NO

12)
1
135
8426
1
YES

13)
4
728
127
744
335
4105
1
YES

14)
6
621
257
933
573
614
491
4510
6
YES

15)
4
696
50
328
720
1797
1
YES

16)
4
650
357
185
94
1306
4
YES

17)
3
510
755
353
1606
3
NO

18)
4
802
691
331
338
2202
1
YES

19)
9
12
428
43
107
969
213
2
511
481
2776
4
YES

20)
7
815
848
565
198
626
439
932
4390
7
NO

21)
4
188
914
180
996
2294
3
YES

22)
6
563
135
274
548
522
831
2917
4
YES

23)
8
727
504
598
409
894
989
239
86
4470
5
YES

24)
4
212
747
388
711
2098
4
YES

25)
2
104
474
578
1
YES

26)
6
106
184
953
371
788
303
2705
5
YES

27)
7
111
401
997
143
586
861
48
3147
2
YES

28)
9
159
387
220
401
416
56
683
875
62
3259
9
YES

29)
8
269
366
471
519
724
90
107
320
2866
3
YES

30)
8
733
994
975
596
811
674
56
731
5570
8
YES

31)
1
706
706
1
YES

32)
4
874
354
475
761
2464
2
YES

33)
8
645
144
641
738
680
136
150
530
3664
3
YES

34)
4
418
256
788
374
1836
3
YES

35)
9
1000
1000
1000
1000
1000
1000
1000
1000
1000
9000
9
YES

36)
9
1000
1000
1000
1000
1000
1000
1000
1000
1000
7000
7
YES

37)
9
1000
1000
1000
1000
1000
1000
1000
1000
1000
9000
9
YES

38)
9
1000
1000
1000
1000
1000
1000
1000
1000
1000
1000
1
YES

39)
9
1000
1000
1000
1000
1000
1000
1000
1000
1000
7000
7
YES

40)
8
1
1
1
1
1
1
1
1
4
6
NO

41)
3
1
1
1
8
1
YES

42)
6
1
1
1
1
1
1
7
6
YES

43)
3
1
1
1
9
3
YES

44)
8
1
1
1
1
1
1
1
1
6
7
NO

45)
7
1
1
1
1
1
1
1
5
3
YES

46)
4
1
1
1
1
1
1
YES

47)
1
1
10
1
YES

48)
5
1
1
1
1
1
10
3
YES

49)
7
1
1
1
1
1
1
1
4
6
NO

50)
8
433
564
18
108
584
911
468
117
1547
8
NO

51)
4
72
108
257
521
2354
1
YES

52)
7
431
478
49
521
205
415
811
5720
4
YES

53)
7
132
702
710
752
23
818
653
3925
3
YES

54)
5
154
626
979
617
143
6598
4
YES

55)
8
918
405
744
396
750
408
937
303
3768
6
NO

56)
6
341
399
897
52
808
768
4998
1
YES

57)
4
810
331
361
717
5162
2
YES

58)
2
754
99
5131
1
YES

59)
3
890
89
32
693
3
NO

60)
4
295
694
166
950
8766
2
YES

61)
3
842
49
944
6230
1
YES

62)
7
210
389
755
244
502
272
517
7565
1
YES

63)
4
6
612
213
783
3093
4
YES

64)
1
325
4005
1
YES

65)
5
805
364
392
274
576
9907
5
YES

66)
6
897
860
764
359
578
485
7748
5
YES

67)
4
606
455
195
360
3431
4
YES

68)
1
25
1448
1
YES

69)
9
877
50
793
589
305
134
559
843
415
4568
8
YES

70)
8
392
1
993
119
399
719
869
976
580
8
NO

71)
7
597
380
917
467
841
233
431
7415
6
YES

72)
7
312
180
797
301
217
904
994
1056
3
NO

73)
8
906
30
38
898
287
658
378
683
9555
3
YES

74)
7
530
581
642
867
853
934
661
8491
4
YES

75)
6
607
115
186
648
228
436
59
6
NO

76)
2
743
375
605
2
NO

77)
2
606
481
2672
2
YES

78)
6
482
681
792
776
1
47
1833
5
NO

79)
3
227
179
667
9469
3
YES

80)
9
464
923
512
894
649
958
832
920
513
7093
7
YES

81)
3
224
39
610
7453
3
YES

82)
8
977
153
518
424
403
705
937
351
1036
2
NO

83)
8
965
427
166
776
405
165
874
259
3625
6
NO

84)
4
778
225
227
605
8452
2
YES

85)
9
1
2
3
4
5
6
7
8
9
29
4
NO

86)
9
9
8
7
6
5
4
3
2
1
29
4
NO

87)
10
1
2
3
9
4
8
7
6
4
5
29
4
NO

88)
6
19
114
514
810
334
893
1234
2
NO

89)
4
1000
1
10
100
1110
3
YES

90)
4
1000
1
10
100
1109
3
NO

91)
5
1
5
6
11
2
10
3
NO

92)
3
1
2
3
3
2
NO

93)
1
50
40
1
NO

94)
4
1
1
1
1
3
4
NO

95)
6
1
2
3
4
5
6
7
3
NO

96)
4
1000
1000
1000
1000
1110
3
NO

97)
5
1
1
1
1
1
4
5
NO

98)
2
1
4
4
1
YES

99)
6
1
1
1
1
1
1
2
4
NO

100)
3
100
1
101
110
2
NO

101)
3
10
1
10
11
2
NO

102)
4
1
2
3
4
7
2
YES

103)
3
1
1
10
1
1
NO

104)
2
33
34
33
1
NO

105)
6
1
1
1
1
1
1
2
5
NO

106)
3
4
4
4
8
2
YES

107)
8
1
1
1
1
2
2
2
2
7
4
NO

108)
4
1
1
1
100
100
3
NO

109)
9
1
1
1
1
1
1
1
1
1
10
9
YES

110)
4
1
1
1
1000
3
3
NO

111)
2
1
10
1
1
NO

112)
3
1
2
4
5
2
NO

113)
8
1
1
1
1
1
1
1
1
4
7
NO

114)
4
33
4
78
40
110
2
NO

115)
4
1000
1
10
100
1115
3
YES

116)
4
1000
10
1
100
999
2
NO

117)
1
1000
1
1
NO

118)
4
1
2
9
10
15
2
NO

119)
3
1000
1
10
100
1
NO
