62

0)
4
6
7
3
1

1)
2
5
2
5
0

2)
1
3
5
5
2

3)
4
6
7
4
-1

4)
2
1
7
6
1

5)
1
2
1
4
2

6)
7
0
1
6
1

7)
0
0
1
6
-1

8)
0
7
2
5
1

9)
7
0
2
7
2

10)
3
3
2
6
2

11)
0
3
1
5
-1

12)
5
1
4
0
1

13)
0
0
0
6
2

14)
2
6
5
3
1

15)
1
3
1
5
2

16)
1
1
1
1
0

17)
1
2
1
2
0

18)
0
0
1
1
1

19)
1
1
0
2
1

20)
7
6
4
3
1

21)
1
1
1
4
-1

22)
2
6
1
3
2

23)
1
3
5
3
2

24)
0
1
0
3
2

25)
5
4
6
5
1

26)
6
0
0
0
2

27)
1
1
2
2
1

28)
1
7
2
5
-1

29)
1
1
1
7
2

30)
0
0
6
6
1

31)
0
2
4
1
-1

32)
0
0
3
1
2

33)
0
0
2
0
2

34)
3
5
4
7
-1

35)
1
2
0
5
2

36)
1
1
7
3
2

37)
2
1
1
2
1

38)
2
2
3
4
-1

39)
6
6
1
6
-1

40)
3
4
5
6
1

41)
1
2
4
3
2

42)
2
2
2
2
0

43)
1
2
3
2
2

44)
7
7
0
0
1

45)
3
5
7
3
2

46)
2
2
4
2
2

47)
0
0
7
7
1

48)
0
0
0
1
-1

49)
1
4
4
5
2

50)
0
2
2
2
2

51)
1
2
7
6
2

52)
0
0
0
2
2

53)
3
1
0
2
2

54)
2
1
3
2
1

55)
3
3
4
3
-1

56)
3
1
1
1
2

57)
0
0
4
6
2

58)
2
1
5
6
2

59)
1
1
7
7
1

60)
2
5
3
2
2

61)
0
1
0
7
2
