77

0)
1
2
3
4
4

1)
4
4
4
7
12

2)
7
7
4
4
13

3)
47
47
47
47
94

4)
1
1
1
1
2

5)
1
41
1
1
3

6)
1
4
2
4
3

7)
1
1
2
1
3

8)
1
3
3
3
3

9)
1
38
3
1
4

10)
2
34
1
34
3

11)
2
14
1
4
4

12)
2
4
2
4
4

13)
2
33
2
46
6

14)
2
26
3
26
5

15)
2
40
3
1
7

16)
3
8
1
8
3

17)
3
43
1
46
4

18)
3
47
2
47
5

19)
3
3
2
41
7

20)
3
35
3
35
6

21)
3
47
3
11
9

22)
47
24
47
8
141

23)
1
13
1
1
3

24)
8
46
9
6
25

25)
47
38
47
38
94

26)
45
10
45
4
135

27)
34
5
33
5
67

28)
31
45
30
45
61

29)
34
21
33
47
100

30)
10
47
47
47
21

31)
2
47
2
47
4

32)
1
1
2
47
4

33)
1
47
46
1
4

34)
32
4
31
4
63

35)
47
45
40
3
121

36)
3
46
4
46
7

37)
18
16
47
1
55

38)
47
46
31
46
63

39)
22
47
21
47
43

40)
35
46
1
46
3

41)
2
1
3
1
5

42)
42
47
19
47
39

43)
14
2
2
2
5

44)
37
1
4
1
9

45)
39
2
2
2
5

46)
5
10
6
9
16

47)
20
1
20
1
40

48)
47
47
46
46
139

49)
46
44
26
47
79

50)
1
2
1
2
2

51)
1
3
2
4
4

52)
40
2
2
2
5

53)
4
5
2
5
5

54)
1
4
3
4
3

55)
3
4
4
4
7

56)
2
2
1
2
3

57)
7
1
2
1
5

58)
10
10
9
10
19

59)
2
1
6
1
5

60)
10
10
1
10
3

61)
1
5
10
5
3

62)
3
5
5
5
7

63)
1
1
10
1
3

64)
3
1
2
1
5

65)
1
2
2
2
3

66)
5
4
3
4
7

67)
1
47
47
47
3

68)
2
3
4
3
5

69)
42
43
47
43
85

70)
2
3
4
4
7

71)
47
1
1
1
3

72)
2
5
40
5
5

73)
2
2
3
2
5

74)
1
1
1
3
3

75)
3
10
4
10
7

76)
4
47
8
47
9
