129

0)
4
13
4

1)
8
5
1

2)
100
1000
10

3)
99
1000
11

4)
1
1
1

5)
73
265
4

6)
78
56
1

7)
52
603
12

8)
45
625
14

9)
37
693
19

10)
75
444
6

11)
35
645
19

12)
53
998
19

13)
78
954
13

14)
75
105
2

15)
1
1
1

16)
1
3
3

17)
1
8
8

18)
1
21
21

19)
1
55
55

20)
1
145
145

21)
1
380
380

22)
1
996
996

23)
1
1000
1000

24)
2
1
1

25)
2
3
2

26)
2
8
4

27)
2
21
11

28)
2
55
28

29)
2
145
73

30)
2
380
190

31)
2
996
498

32)
2
1000
500

33)
4
1
1

34)
4
3
1

35)
4
8
2

36)
4
21
6

37)
4
55
14

38)
4
145
37

39)
4
380
95

40)
4
996
249

41)
4
1000
250

42)
8
1
1

43)
8
3
1

44)
8
8
1

45)
8
21
3

46)
8
55
7

47)
8
145
19

48)
8
380
48

49)
8
996
125

50)
8
1000
125

51)
15
1
1

52)
15
3
1

53)
15
8
1

54)
15
21
2

55)
15
55
4

56)
15
145
10

57)
15
380
26

58)
15
996
67

59)
15
1000
67

60)
28
1
1

61)
28
3
1

62)
28
8
1

63)
28
21
1

64)
28
55
2

65)
28
145
6

66)
28
380
14

67)
28
996
36

68)
28
1000
36

69)
53
1
1

70)
53
3
1

71)
53
8
1

72)
53
21
1

73)
53
55
2

74)
53
145
3

75)
53
380
8

76)
53
996
19

77)
53
1000
19

78)
99
1
1

79)
99
3
1

80)
99
8
1

81)
99
21
1

82)
99
55
1

83)
99
145
2

84)
99
380
4

85)
99
996
11

86)
99
1000
11

87)
100
1
1

88)
100
3
1

89)
100
8
1

90)
100
21
1

91)
100
55
1

92)
100
145
2

93)
100
380
4

94)
100
996
10

95)
100
1000
10

96)
4
16
4

97)
5
10
2

98)
3
12
4

99)
3
9
3

100)
10
10
1

101)
2
4
2

102)
5
15
3

103)
5
5
1

104)
73
292
4

105)
4
4
1

106)
2
2
1

107)
1
2
2

108)
8
16
2

109)
4
12
3

110)
1
5
5

111)
3
6
2

112)
3
3
1

113)
55
55
1

114)
4
28
7

115)
2
14
7

116)
5
25
5

117)
10
50
5

118)
10
20
2

119)
2
6
3

120)
3
54
18

121)
25
100
4

122)
1
100
100

123)
5
20
4

124)
3
10
4

125)
2
20
10

126)
3
4
2

127)
1
6
6

128)
20
20
1
