103

0)
3
1
2
3
3

1)
2
5
5
0

2)
3
900
500
100
1200

3)
50
1
1
1
1
1
1
1
1
1
1
1
1
1
1
1
1
1
1
1
1
1
1
1
1
1
1
1
1
1
1
1
1
1
1
1
1
1
1
1
1
1
1
1
1
1
1
1
1
1
999
48902

4)
5
1
1
1
1
1
0

5)
2
1
1
0

6)
2
999
999
0

7)
2
1
999
998

8)
2
999
1
998

9)
2
999
998
1

10)
2
1
2
1

11)
2
1
999
998

12)
2
999
1
998

13)
2
1
999
998

14)
2
999
1
998

15)
3
1
1
1
0

16)
3
999
999
999
0

17)
3
1
999
1
1996

18)
3
999
1
999
998

19)
3
999
998
999
1

20)
3
1
2
1
2

21)
3
1
999
1
1996

22)
3
1
999
999
998

23)
3
1
500
999
1497

24)
3
999
500
1
1497

25)
50
1
1
1
1
1
1
1
1
1
1
1
1
1
1
1
1
1
1
1
1
1
1
1
1
1
1
1
1
1
1
1
1
1
1
1
1
1
1
1
1
1
1
1
1
1
1
1
1
1
1
0

26)
50
999
999
999
999
999
999
999
999
999
999
999
999
999
999
999
999
999
999
999
999
999
999
999
999
999
999
999
999
999
999
999
999
999
999
999
999
999
999
999
999
999
999
999
999
999
999
999
999
999
999
0

27)
50
1
999
1
999
1
999
1
999
1
999
1
999
1
999
1
999
1
999
1
999
1
999
1
999
1
999
1
999
1
999
1
999
1
999
1
999
1
999
1
999
1
999
1
999
1
999
1
999
1
999
24950

28)
50
999
1
999
1
999
1
999
1
999
1
999
1
999
1
999
1
999
1
999
1
999
1
999
1
999
1
999
1
999
1
999
1
999
1
999
1
999
1
999
1
999
1
999
1
999
1
999
1
999
1
24950

29)
50
999
998
999
998
999
998
999
998
999
998
999
998
999
998
999
998
999
998
999
998
999
998
999
998
999
998
999
998
999
998
999
998
999
998
999
998
999
998
999
998
999
998
999
998
999
998
999
998
999
998
25

30)
50
1
2
1
2
1
2
1
2
1
2
1
2
1
2
1
2
1
2
1
2
1
2
1
2
1
2
1
2
1
2
1
2
1
2
1
2
1
2
1
2
1
2
1
2
1
2
1
2
1
2
25

31)
50
1
1
1
1
1
1
1
1
1
1
1
1
1
1
1
1
1
1
1
1
1
1
1
1
1
1
1
1
1
1
1
1
1
1
1
1
1
1
1
1
1
999
1
1
1
1
1
1
1
1
48902

32)
50
999
999
999
999
999
999
999
999
999
999
999
999
999
999
999
999
1
999
999
999
999
999
999
999
999
999
999
999
999
999
999
999
999
999
999
999
999
999
999
999
999
999
999
999
999
999
999
999
999
999
998

33)
50
1
21
41
62
82
102
123
143
163
184
204
225
245
265
286
306
326
347
367
387
408
428
449
469
489
510
530
550
571
591
612
632
652
673
693
713
734
754
774
795
815
836
856
876
897
917
937
958
978
999
24974

34)
50
999
978
958
937
917
897
876
856
836
815
795
774
754
734
713
693
673
652
632
612
591
571
550
530
510
489
469
449
428
408
387
367
347
326
306
286
265
245
225
204
184
163
143
123
102
82
62
41
21
1
24974

35)
49
1
1
1
1
1
1
1
1
1
1
1
1
1
1
1
1
1
1
1
1
1
1
1
1
1
1
1
1
1
1
1
1
1
1
1
1
1
1
1
1
1
1
1
1
1
1
1
1
1
0

36)
49
999
999
999
999
999
999
999
999
999
999
999
999
999
999
999
999
999
999
999
999
999
999
999
999
999
999
999
999
999
999
999
999
999
999
999
999
999
999
999
999
999
999
999
999
999
999
999
999
999
0

37)
49
1
999
1
999
1
999
1
999
1
999
1
999
1
999
1
999
1
999
1
999
1
999
1
999
1
999
1
999
1
999
1
999
1
999
1
999
1
999
1
999
1
999
1
999
1
999
1
999
1
24950

38)
49
999
1
999
1
999
1
999
1
999
1
999
1
999
1
999
1
999
1
999
1
999
1
999
1
999
1
999
1
999
1
999
1
999
1
999
1
999
1
999
1
999
1
999
1
999
1
999
1
999
23952

39)
49
999
998
999
998
999
998
999
998
999
998
999
998
999
998
999
998
999
998
999
998
999
998
999
998
999
998
999
998
999
998
999
998
999
998
999
998
999
998
999
998
999
998
999
998
999
998
999
998
999
24

40)
49
1
2
1
2
1
2
1
2
1
2
1
2
1
2
1
2
1
2
1
2
1
2
1
2
1
2
1
2
1
2
1
2
1
2
1
2
1
2
1
2
1
2
1
2
1
2
1
2
1
25

41)
49
1
1
1
1
1
1
1
1
1
1
1
1
1
1
1
1
1
1
1
1
1
1
1
1
1
1
1
1
1
1
1
1
1
1
1
1
1
1
999
1
1
1
1
1
1
1
1
1
1
47904

42)
49
999
999
999
999
999
999
999
999
999
999
999
999
999
999
999
999
999
999
999
999
999
999
999
999
999
999
999
999
999
999
999
1
999
999
999
999
999
999
999
999
999
999
999
999
999
999
999
999
999
998

43)
49
1
21
42
63
84
104
125
146
167
188
208
229
250
271
292
312
333
354
375
396
416
437
458
479
500
520
541
562
583
603
624
645
666
687
707
728
749
770
791
811
832
853
874
895
915
936
957
978
999
24474

44)
49
999
978
957
936
915
895
874
853
832
811
791
770
749
728
707
687
666
645
624
603
583
562
541
520
500
479
458
437
416
396
375
354
333
312
292
271
250
229
208
188
167
146
125
104
84
63
42
21
1
24474

45)
6
110
830
308
631
555
234
2312

46)
10
371
248
180
869
774
80
442
562
611
337
4216

47)
49
733
897
381
405
469
282
921
341
659
385
818
186
941
535
600
263
470
470
591
66
856
187
99
787
745
385
28
147
404
526
546
159
240
573
562
241
121
121
845
332
305
383
548
495
805
944
585
245
394
23235

48)
10
289
287
502
140
65
760
618
644
319
656
3320

49)
35
324
836
538
114
632
356
522
113
223
13
556
896
92
581
1
327
182
440
244
934
187
962
224
450
191
796
642
650
950
694
866
597
585
745
569
16638

50)
20
789
895
593
315
261
145
634
560
679
226
809
870
674
47
467
378
701
865
397
186
7409

51)
29
257
539
576
378
673
732
242
303
621
819
542
567
648
213
613
126
33
66
733
192
782
920
537
614
452
945
107
859
227
13089

52)
38
7
974
604
706
685
141
841
865
236
481
342
730
137
930
680
946
67
193
781
428
918
770
890
197
751
436
736
712
289
184
414
178
586
849
533
837
481
772
15705

53)
40
984
564
883
810
397
485
140
967
678
171
691
545
894
660
867
853
264
833
965
118
614
94
95
613
616
88
266
144
27
261
256
463
529
781
528
637
689
489
610
483
18308

54)
43
896
532
221
928
798
7
929
730
923
846
661
565
121
324
206
433
427
30
502
339
684
655
713
360
425
527
371
702
848
133
569
58
81
278
532
28
297
7
508
812
875
364
862
18840

55)
2
976
704
272

56)
3
831
933
11
1024

57)
5
388
546
7
503
930
2276

58)
8
935
869
11
595
162
688
671
877
2672

59)
12
273
78
142
910
124
295
596
455
431
609
957
62
6552

60)
17
290
324
36
139
751
7
126
852
961
897
891
962
417
274
763
753
696
7215

61)
25
570
942
479
372
558
354
337
350
320
537
438
733
974
780
585
343
208
824
242
521
435
826
163
318
327
11814

62)
36
55
774
608
585
873
919
643
595
981
664
470
425
769
204
401
464
186
85
479
471
131
867
569
59
882
682
464
291
382
382
2
116
318
160
526
480
18354

63)
50
403
369
303
818
819
700
826
394
123
948
690
789
831
484
980
734
95
70
356
780
105
353
123
693
176
790
594
574
331
533
243
892
763
247
182
80
84
613
427
588
273
418
90
475
253
703
321
843
789
171
24761

64)
2
2
1
1

65)
2
998
998
0

66)
2
93
43
50

67)
2
917
962
45

68)
2
935
948
13

69)
2
234
521
287

70)
2
526
874
348

71)
10
2
1
1
2
1
2
1
1
1
2
6

72)
10
999
999
998
999
998
998
998
998
998
998
7

73)
10
78
83
27
1
10
14
51
6
15
25
520

74)
10
970
905
982
949
938
934
990
993
946
949
374

75)
10
901
7
70
37
983
941
32
916
25
967
4951

76)
10
383
276
952
729
368
582
558
301
708
659
4004

77)
10
810
697
748
252
377
629
887
970
337
264
3729

78)
50
2
2
1
2
1
1
1
2
2
2
2
2
2
1
1
1
1
1
2
1
2
1
1
1
2
1
2
1
1
1
1
1
1
1
1
1
2
1
1
2
1
1
1
1
1
2
2
1
2
2
31

79)
50
998
999
999
998
999
998
998
999
998
999
998
999
998
999
999
998
998
998
998
998
999
998
998
998
999
998
999
999
998
998
999
998
999
998
999
998
998
999
998
998
999
998
998
998
998
999
999
999
998
998
30

80)
50
77
82
40
81
100
26
28
45
95
98
33
43
60
93
88
27
77
85
14
63
71
95
69
68
80
40
23
32
86
24
21
13
90
78
89
94
48
97
54
100
21
42
13
7
87
11
25
89
11
3
2164

81)
50
959
944
900
908
906
901
947
932
986
985
905
950
933
975
899
925
953
972
964
899
976
967
980
974
961
973
960
966
901
928
994
964
927
980
966
953
918
956
997
985
928
968
991
902
909
982
981
974
993
982
2271

82)
50
920
909
901
900
11
932
948
34
92
50
27
918
63
41
44
51
73
33
985
947
951
975
969
34
939
27
75
915
44
928
38
907
40
984
12
73
903
952
944
954
79
983
17
71
84
962
15
992
905
956
23993

83)
50
433
854
266
176
41
118
745
746
483
148
377
826
10
637
976
739
898
553
885
665
922
776
536
409
355
290
345
323
323
931
299
466
416
655
808
274
463
762
750
740
606
859
987
63
880
927
528
974
16
679
21412

84)
50
550
931
337
528
639
216
828
467
991
580
329
667
737
813
984
614
483
935
475
121
96
484
470
257
484
167
799
371
288
441
23
68
680
925
719
737
59
139
734
650
815
996
562
902
910
295
272
597
912
131
22592

85)
2
999
998
1

86)
21
299
777
888
777
555
444
65
56
6
6
5
3
23
23
2
3
3
4
4
4
4
14697

87)
6
900
100
100
500
100
50
3650

88)
5
9
6
8
7
3
12

89)
3
3
1
2
3

90)
3
2
4
1
5

91)
3
1
3
7
10

92)
3
900
500
100
1200

93)
3
8
1
1
14

94)
3
1
6
7
7

95)
6
1
5
5
5
5
6
9

96)
6
1
1
2
2
5
7
24

97)
4
10
8
9
7
6

98)
3
3
2
4
3

99)
3
8
3
5
8

100)
3
1
3
2
3

101)
3
10
20
35
40

102)
3
1
5
5
4
