56

0)
.
100
100.0

1)
...X
2
50.0

2)
........................X
50
11.60725450562586

3)
.XXX
2
0.0

4)
.XXXXXXXX............
100
2.2238319526041714E-22

5)
.................................................X
100
12.468806209710456

6)
.XXXX.XXXXXXXX.XXXXXXX.XXXXXX.XXXXX.XXXX.XXX.XX.X.
100
1.7767779346052529E-71

7)
.............................................X
9
99.99972442680777

8)
.X...X...
39
0.0025670769630560513

9)
...XX.....X.X.X.XX...X.X......XX........X..
81
9.054637332419204E-11

10)
..XX..XX.X...X....X.XX.....X.XX...X...X
22
0.0013518497737741674

11)
...........X.....X.....XX..
47
0.033741068149067195

12)
..X..XXX
40
5.256969370279521E-12

13)
...X......XXXX...XX.X..X...XX...
48
5.408479511004734E-8

14)
..X...........X..XX.X
82
8.775600468363586E-9

15)
..X..
99
1.1978720146654002E-8

16)
....X...X....X..X..X.X.XXX..XX....X....X....X...
79
3.9264889512253644E-11

17)
.X..
54
5.9815133740789975E-6

18)
.X.X..X.X..X..X.XX.XX.XXXX...
22
4.5031054188698496E-6

19)
.XXXX..X..X.....XX.X.X..X....X
60
7.611025001457206E-13

20)
.X.X.X..X....X
11
0.25908890492223824

21)
.X..XXX.....X.....X..X..X......X..X..
88
2.7926146794701252E-11

22)
.XX..X....X..X.........X.X....X
97
9.401950020419752E-12

23)
..X
66
6.224378501046996E-11

24)
...X.....
89
0.001923820483383841

25)
.X.............
41
4.8816736249265915

26)
....
58
100.0

27)
.....X...
38
0.8330836879326521

28)
..X.........X..X...X.X.....X..X....X..X.XX.
41
2.2363089847869097E-4

29)
..XX....XXX.X..XX.XX..X.X....XXX........X....X.
34
5.443438735931444E-6

30)
.
30
99.99999999999993

31)
.X...X........X.X.....XX.XXXX...XX.X..X
72
2.680172485163696E-13

32)
..XX...X.X....XX..X..X..X....X..X...X....
88
1.7483914206046326E-12

33)
..X.X....X....X..X.X.X.
17
0.07710324832143937

34)
.XX..X...X.....X.X..XX....X....
100
3.6009254891763555E-14

35)
.X.XX..X..X.X...XXX....XXX...X...X.............
25
0.005761660905876298

36)
.X.X..X.XX.X
20
4.693924387262402E-6

37)
.XX.X.X....X.....X..XXX...XX...X....X...X...
31
2.1462438610287305E-4

38)
..XX.X....XXXX.....X.....X..........X....
27
0.026176262517962977

39)
.....X...
21
6.496903497690426

40)
.X...XX..X..
26
7.091343055286317E-4

41)
..X.X.X.X......XX.XX.X...........X..X.X..
22
0.016389625615091247

42)
.XX...X.X..X..XX.X......XX............X..
23
0.03424952174008819

43)
..X..X.XX..X.XXXX.XX...X...X.X......X........X.
57
8.974053011613222E-10

44)
.X....XX...........
62
0.0013684006627930753

45)
.X.X.XX.X.X..X...X..XX.
65
7.431232978113156E-16

46)
..XX.....X
51
3.653775630395992E-7

47)
..X........X...X........XX...X....X.XXX..
62
1.187051793350153E-6

48)
....
14
99.99999999999999

49)
.
100
100.0

50)
.................................................X
100
12.468806209710456

51)
..................................................
100
100.0

52)
........X.......X
100
2.460259452965898E-4

53)
..............................X..................
100
11.952145910259919

54)
......X..X....
100
1.244803813333236E-5

55)
.X.X.XXX......X..X..X
10
0.2698688271604938
