104

0)
5
4
6

1)
1
4
3

2)
13
6
-1

3)
13
17
30

4)
122
21
258

5)
1000000
100
-1

6)
1000000
99
2750007

7)
1000000
98
2747667

8)
999999
100
2752299

9)
1000000
4
923079

10)
112
8
-1

11)
113
8
160

12)
114
8
162

13)
1
100
3

14)
666
66
1764

15)
1234
4
-1

16)
12345
4
11396

17)
8462
26
18861

18)
983325
59
2559538

19)
93135
100
256338

20)
69993
22
149022

21)
69994
22
149025

22)
69994
11
115491

23)
903
8
1278

24)
903
4
-1

25)
905
4
836

26)
20000
6
24000

27)
20005
6
24006

28)
555555
55
1432296

29)
52951
92
144705

30)
52951
96
145245

31)
52952
96
-1

32)
909090
90
2479338

33)
909090
95
2491263

34)
909090
100
2502090

35)
44
11
-1

36)
44
21
96

37)
4400
5
4715

38)
3912
79
10539

39)
100000
4
92308

40)
100000
5
-1

41)
1000000
51
2550000

42)
1000000
7
1312500

43)
602408
7
-1

44)
602408
9
903615

45)
293852
40
-1

46)
293852
41
722877

47)
512000
32
1198833

48)
709222
88
1930260

49)
512512
64
1347978

50)
80000
67
-1

51)
82000
67
216876

52)
82222
83
222537

53)
400000
6
480000

54)
400000
5
428574

55)
400001
4
369232

56)
659554
100
1815294

57)
878342
36
2108022

58)
65281
59
169923

59)
2512
4
-1

60)
4
4
4

61)
13
4
12

62)
1355
4
-1

63)
2358
4
2178

64)
999999
4
923076

65)
999997
41
-1

66)
999997
42
2470584

67)
605553
100
1666665

68)
763000
100
2100000

69)
726666
100
2000000

70)
10000
4
-1

71)
999999
99
2750004

72)
100
50
255

73)
1000000
25
2205885

74)
2
8
6

75)
790000
70
2100000

76)
1000000
21
2100000

77)
1000000
50
2542377

78)
399666
100
1100000

79)
460000
30
1061544

80)
999875
35
2386068

81)
676666
100
1862391

82)
1000000
14
-1

83)
1000000
95
2740386

84)
1000000
6
1200000

85)
1000000
11
1650000

86)
999920
100
2752080

87)
696666
10
1100000

88)
2
4
-1

89)
1000000
23
2156250

90)
1000000
15
1875000

91)
1000000
40
2448984

92)
437
4
404

93)
1000000
86
-1

94)
833335
6
1000002

95)
1000000
12
1714287

96)
1000000
91
2730000

97)
1000000
20
2068968

98)
833355
6
1000026

99)
119166
4
110000

100)
14
5
15

101)
686667
100
1889910

102)
300000
100
825696

103)
999990
100
2752272
