3, 3, 5, 4, 5, 8, 8, 10, 7, 6, 
sum: 59 av:6 x:3 hip0:3 nh:6
3, 4, 5, 6, 5, 8, 8, 10, 7, 
3, 4, 5, 6, 5, 8, 8, 10, 7, 6, 
--------------
sum: 62 av:7 x:4 hip0:3 nh:7
4, 5, 5, 6, 6, 8, 8, 10, 7, 
4, 5, 5, 6, 6, 8, 8, 10, 7, 7, 
--------------
sum: 66 av:7 x:3 hip0:4 nh:7
5, 6, 5, 7, 6, 8, 8, 10, 7, 
5, 6, 5, 7, 6, 8, 8, 10, 7, 7, 
--------------
sum: 69 av:7 x:2 hip0:5 nh:7
5, 6, 7, 7, 6, 8, 8, 10, 7, 
5, 6, 7, 7, 6, 8, 8, 10, 7, 7, 
--------------
sum: 71 av:8 x:3 hip0:5 nh:8
6, 6, 7, 7, 7, 8, 8, 10, 7, 
6, 6, 7, 7, 7, 8, 8, 10, 7, 8, 
--------------
sum: 74 av:8 x:2 hip0:6 nh:8
6, 7, 7, 7, 7, 8, 8, 10, 8, 
6, 7, 7, 7, 7, 8, 8, 10, 8, 8, 
--------------
sum: 76 av:8 x:2 hip0:6 nh:8
7, 7, 7, 8, 7, 8, 8, 10, 8, 
7, 7, 7, 8, 7, 8, 8, 10, 8, 8, 
--------------
sum: 78 av:8 x:1 hip0:7 nh:8
7, 7, 7, 8, 8, 8, 8, 10, 8, 
7, 7, 7, 8, 8, 8, 8, 10, 8, 8, 
--------------
sum: 79 av:8 x:1 hip0:7 nh:8
7, 8, 7, 8, 8, 8, 8, 10, 8, 
7, 8, 7, 8, 8, 8, 8, 10, 8, 8, 
--------------
sum: 80 av:9 x:2 hip0:7 nh:9
7, 8, 8, 8, 8, 8, 8, 10, 8, 
7, 8, 8, 8, 8, 8, 8, 10, 8, 9, 
--------------
sum: 82 av:9 x:2 hip0:7 nh:9
8, 8, 8, 8, 8, 8, 8, 10, 9, 
8, 8, 8, 8, 8, 8, 8, 10, 9, 9, 
--------------
sum: 84 av:9 x:1 hip0:8 nh:9
8, 8, 8, 9, 8, 8, 8, 10, 9, 
8, 8, 8, 9, 8, 8, 8, 10, 9, 9, 
--------------
sum: 85 av:9 x:1 hip0:8 nh:9
8, 8, 8, 9, 9, 8, 8, 10, 9, 
8, 8, 8, 9, 9, 8, 8, 10, 9, 9, 
--------------
sum: 86 av:9 x:1 hip0:8 nh:9
8, 9, 8, 9, 9, 8, 8, 10, 9, 
8, 9, 8, 9, 9, 8, 8, 10, 9, 9, 
--------------
sum: 87 av:9 x:1 hip0:8 nh:9
8, 9, 8, 9, 9, 0, 8, 10, 9, 
8, 9, 8, 9, 9, 0, 8, 10, 9, 9, 
--------------
sum: 88 av:9 x:1 hip0:8 nh:9
8, 9, 0, 9, 9, 9, 8, 10, 9, 
8, 9, 0, 9, 9, 9, 8, 10, 9, 9, 
--------------
sum: 89 av:9 x:1 hip0:8 nh:9
0, 9, 8, 9, 9, 9, 0, 10, 9, 
0, 9, 8, 9, 9, 9, 0, 10, 9, 9, 
--------------
sum: 90 av:10 x:10 hip0:0 nh:10
8, 9, 0, 9, 9, 9, 9, 10, 9, 
8, 9, 0, 9, 9, 9, 9, 10, 9, 10, 
--------------
sum: 100 av:11 x:3 hip0:8 nh:11
0, 9, 9, 9, 9, 9, 9, 10, 9, 
0, 9, 9, 9, 9, 9, 9, 10, 9, 11, 
--------------
sum: 103 av:11 x:11 hip0:0 nh:11
9, 9, 9, 9, 9, 9, 9, 10, 11, 
9, 9, 9, 9, 9, 9, 9, 10, 11, 11, 
--------------
sum: 114 av:12 x:3 hip0:9 nh:12
9, 9, 9, 10, 9, 9, 9, 0, 11, 
9, 9, 9, 10, 9, 9, 9, 0, 11, 12, 
--------------
sum: 117 av:12 x:3 hip0:9 nh:12
9, 9, 9, 10, 12, 9, 9, 0, 11, 
9, 9, 9, 10, 12, 9, 9, 0, 11, 12, 
--------------
sum: 120 av:13 x:4 hip0:9 nh:13
9, 10, 9, 0, 12, 9, 9, 11, 11, 
9, 10, 9, 0, 12, 9, 9, 11, 11, 13, 
--------------
sum: 124 av:13 x:4 hip0:9 nh:13
9, 10, 9, 0, 12, 10, 9, 11, 11, 
9, 10, 9, 0, 12, 10, 9, 11, 11, 13, 
--------------
sum: 128 av:13 x:4 hip0:9 nh:13
9, 10, 9, 0, 12, 10, 9, 11, 11, 
9, 10, 9, 0, 12, 10, 9, 11, 11, 13, 
--------------
sum: 132 av:14 x:5 hip0:9 nh:14
9, 10, 9, 0, 12, 10, 13, 11, 11, 
9, 10, 9, 0, 12, 10, 13, 11, 11, 14, 
--------------
sum: 137 av:14 x:5 hip0:9 nh:14
9, 10, 10, 0, 12, 13, 13, 11, 11, 
9, 10, 10, 0, 12, 13, 13, 11, 11, 14, 
--------------
sum: 142 av:15 x:6 hip0:9 nh:15
10, 0, 10, 11, 12, 13, 13, 12, 11, 
0, 10, 10, 11, 12, 13, 13, 12, 11, 15, 
--------------
sum: 148 av:15 x:15 hip0:0 nh:15
10, 11, 10, 11, 12, 13, 13, 12, 15, 
10, 11, 10, 11, 12, 13, 13, 12, 15, 15, 
--------------
sum: 163 av:17 x:7 hip0:10 nh:17
10, 11, 13, 11, 12, 14, 13, 12, 15, 
10, 11, 13, 11, 12, 14, 13, 12, 15, 17, 
--------------
sum: 170 av:18 x:8 hip0:10 nh:18
11, 11, 13, 12, 12, 14, 13, 14, 15, 
11, 11, 13, 12, 12, 14, 13, 14, 15, 18, 
--------------
sum: 178 av:18 x:7 hip0:11 nh:18
11, 12, 13, 14, 12, 14, 13, 17, 15, 
11, 12, 13, 14, 12, 14, 13, 17, 15, 18, 
--------------
sum: 185 av:19 x:8 hip0:11 nh:19
12, 12, 13, 14, 18, 14, 13, 17, 15, 
12, 12, 13, 14, 18, 14, 13, 17, 15, 19, 
--------------
sum: 193 av:20 x:8 hip0:12 nh:20
12, 14, 13, 15, 18, 14, 13, 17, 19, 
12, 14, 13, 15, 18, 14, 13, 17, 19, 20, 
--------------
sum: 201 av:21 x:9 hip0:12 nh:21
13, 14, 13, 15, 18, 14, 13, 17, 19, 
13, 14, 13, 15, 18, 14, 13, 17, 19, 21, 
--------------
sum: 210 av:22 x:9 hip0:13 nh:22
13, 14, 13, 15, 18, 14, 20, 17, 19, 
13, 14, 13, 15, 18, 14, 20, 17, 19, 22, 
--------------
sum: 219 av:22 x:9 hip0:13 nh:22
13, 14, 14, 15, 18, 15, 20, 17, 19, 
13, 14, 14, 15, 18, 15, 20, 17, 19, 22, 
--------------
sum: 228 av:23 x:10 hip0:13 nh:23
14, 15, 14, 17, 18, 15, 20, 18, 19, 
14, 15, 14, 17, 18, 15, 20, 18, 19, 23, 
--------------
sum: 238 av:24 x:10 hip0:14 nh:24
14, 15, 15, 17, 18, 22, 20, 18, 19, 
14, 15, 15, 17, 18, 22, 20, 18, 19, 24, 
--------------
sum: 248 av:25 x:11 hip0:14 nh:25
15, 17, 15, 18, 18, 22, 20, 22, 19, 
15, 17, 15, 18, 18, 22, 20, 22, 19, 25, 
--------------
sum: 259 av:26 x:11 hip0:15 nh:26
15, 17, 20, 18, 18, 22, 21, 22, 19, 
15, 17, 20, 18, 18, 22, 21, 22, 19, 26, 
--------------
sum: 270 av:28 x:13 hip0:15 nh:28
17, 18, 20, 19, 18, 22, 21, 22, 26, 
17, 18, 20, 19, 18, 22, 21, 22, 26, 28, 
--------------
sum: 283 av:29 x:12 hip0:17 nh:29
18, 18, 20, 19, 28, 22, 21, 22, 26, 
18, 18, 20, 19, 28, 22, 21, 22, 26, 29, 
--------------
sum: 295 av:30 x:12 hip0:18 nh:30
18, 19, 20, 22, 28, 22, 21, 24, 26, 
18, 19, 20, 22, 28, 22, 21, 24, 26, 30, 
--------------
sum: 307 av:31 x:13 hip0:18 nh:31
19, 22, 20, 24, 28, 22, 21, 29, 26, 
19, 22, 20, 24, 28, 22, 21, 29, 26, 31, 
--------------
sum: 320 av:33 x:14 hip0:19 nh:33
20, 22, 21, 24, 28, 22, 25, 29, 26, 
20, 22, 21, 24, 28, 22, 25, 29, 26, 33, 
--------------
sum: 334 av:34 x:14 hip0:20 nh:34
21, 22, 22, 24, 28, 23, 25, 29, 26, 
21, 22, 22, 24, 28, 23, 25, 29, 26, 34, 
--------------
sum: 348 av:35 x:14 hip0:21 nh:35
22, 24, 22, 26, 28, 23, 25, 29, 34, 
22, 24, 22, 26, 28, 23, 25, 29, 34, 35, 
--------------
sum: 362 av:37 x:15 hip0:22 nh:37
22, 24, 23, 26, 28, 33, 25, 29, 34, 
22, 24, 23, 26, 28, 33, 25, 29, 34, 37, 
--------------
sum: 377 av:38 x:16 hip0:22 nh:38
23, 24, 25, 26, 28, 33, 31, 29, 34, 
23, 24, 25, 26, 28, 33, 31, 29, 34, 38, 
--------------
sum: 393 av:40 x:17 hip0:23 nh:40
24, 26, 25, 29, 28, 33, 31, 30, 34, 
24, 26, 25, 29, 28, 33, 31, 30, 34, 40, 
--------------
sum: 410 av:42 x:18 hip0:24 nh:42
25, 26, 31, 29, 28, 33, 37, 30, 34, 
25, 26, 31, 29, 28, 33, 37, 30, 34, 42, 
--------------
sum: 428 av:43 x:18 hip0:25 nh:43
26, 28, 31, 29, 42, 33, 37, 30, 34, 
26, 28, 31, 29, 42, 33, 37, 30, 34, 43, 
--------------
sum: 446 av:45 x:19 hip0:26 nh:45
28, 29, 31, 30, 42, 33, 37, 38, 34, 
28, 29, 31, 30, 42, 33, 37, 38, 34, 45, 
--------------
sum: 465 av:47 x:19 hip0:28 nh:47
29, 30, 31, 34, 42, 33, 37, 38, 45, 
29, 30, 31, 34, 42, 33, 37, 38, 45, 47, 
--------------
sum: 484 av:49 x:20 hip0:29 nh:49
30, 34, 31, 38, 42, 33, 37, 43, 45, 
30, 34, 31, 38, 42, 33, 37, 43, 45, 49, 
--------------
sum: 504 av:51 x:21 hip0:30 nh:51
31, 34, 33, 38, 42, 35, 37, 43, 45, 
31, 34, 33, 38, 42, 35, 37, 43, 45, 51, 
--------------
sum: 525 av:53 x:22 hip0:31 nh:53
33, 34, 35, 38, 42, 49, 37, 43, 45, 
33, 34, 35, 38, 42, 49, 37, 43, 45, 53, 
--------------
sum: 547 av:55 x:22 hip0:33 nh:55
34, 38, 35, 43, 42, 49, 37, 47, 45, 
34, 38, 35, 43, 42, 49, 37, 47, 45, 55, 
--------------
sum: 569 av:57 x:23 hip0:34 nh:57
35, 38, 37, 43, 42, 49, 40, 47, 45, 
35, 38, 37, 43, 42, 49, 40, 47, 45, 57, 
--------------
sum: 592 av:60 x:25 hip0:35 nh:60
37, 38, 40, 43, 42, 49, 55, 47, 45, 
37, 38, 40, 43, 42, 49, 55, 47, 45, 60, 
--------------
sum: 617 av:62 x:25 hip0:37 nh:62
38, 42, 40, 43, 60, 49, 55, 47, 45, 
38, 42, 40, 43, 60, 49, 55, 47, 45, 62, 
--------------
sum: 642 av:65 x:27 hip0:38 nh:65
40, 42, 49, 43, 60, 51, 55, 47, 45, 
40, 42, 49, 43, 60, 51, 55, 47, 45, 65, 
--------------
sum: 669 av:67 x:27 hip0:40 nh:67
42, 43, 49, 45, 60, 51, 55, 47, 65, 
42, 43, 49, 45, 60, 51, 55, 47, 65, 67, 
--------------
sum: 696 av:70 x:28 hip0:42 nh:70
43, 45, 49, 47, 60, 51, 55, 53, 65, 
43, 45, 49, 47, 60, 51, 55, 53, 65, 70, 
--------------
sum: 724 av:73 x:30 hip0:43 nh:73
45, 47, 49, 53, 60, 51, 55, 67, 65, 
45, 47, 49, 53, 60, 51, 55, 67, 65, 73, 
--------------
sum: 754 av:76 x:31 hip0:45 nh:76
47, 53, 49, 65, 60, 51, 55, 67, 73, 
47, 53, 49, 65, 60, 51, 55, 67, 73, 76, 
--------------
sum: 785 av:79 x:32 hip0:47 nh:79
49, 53, 51, 65, 60, 62, 55, 67, 73, 
49, 53, 51, 65, 60, 62, 55, 67, 73, 79, 
--------------
sum: 817 av:82 x:33 hip0:49 nh:82
51, 53, 55, 65, 60, 62, 57, 67, 73, 
51, 53, 55, 65, 60, 62, 57, 67, 73, 82, 
--------------
sum: 850 av:86 x:35 hip0:51 nh:86
53, 60, 55, 65, 82, 62, 57, 67, 73, 
53, 60, 55, 65, 82, 62, 57, 67, 73, 86, 
--------------
sum: 885 av:89 x:36 hip0:53 nh:89
55, 60, 57, 65, 82, 62, 79, 67, 73, 
55, 60, 57, 65, 82, 62, 79, 67, 73, 89, 
--------------
sum: 921 av:93 x:38 hip0:55 nh:93
57, 60, 62, 65, 82, 76, 79, 67, 73, 
57, 60, 62, 65, 82, 76, 79, 67, 73, 93, 
--------------
sum: 959 av:96 x:39 hip0:57 nh:96
60, 65, 62, 67, 82, 76, 79, 70, 73, 
60, 65, 62, 67, 82, 76, 79, 70, 73, 96, 
--------------
sum: 998 av:100 x:40 hip0:60 nh:100
62, 65, 76, 67, 82, 89, 79, 70, 73, 
62, 65, 76, 67, 82, 89, 79, 70, 73, 100, 
--------------
sum: 1038 av:104 x:21 hip0:62 nh:83
65, 67, 76, 70, 82, 89, 79, 93, 73, 
65, 67, 76, 70, 82, 89, 79, 93, 73, 83, 
--------------
