323

0)
6
1
2
1
divisible

1)
2
1
6
1
not divisible

2)
1000000000
1000000000
1000000000
200000000
divisible

3)
8
100
4
200
not divisible

4)
999999937
1000000000
999999929
1
not divisible

5)
2
2
4
1
divisible

6)
1
1
1
1
divisible

7)
1
1
1
1000000000
divisible

8)
1
1000000000
1
1
divisible

9)
1
1000000000
1
1000000000
divisible

10)
536870912
1
2
29
divisible

11)
2
29
536870912
1
divisible

12)
536870912
1
2
28
divisible

13)
2
28
1
536870912
divisible

14)
268435456
1
2
29
not divisible

15)
2
29
268435456
1
divisible

16)
2
1000000000
2
999999999
divisible

17)
2
999999999
2
1000000000
not divisible

18)
2
1000000000
2
1000000000
divisible

19)
2
999999999
2
999999999
divisible

20)
1000000000
1000000000
3
1
not divisible

21)
1000000000
1000000000
2
1
divisible

22)
1000000000
1000000000
536870912
1000000000
not divisible

23)
1000000000
1000000000
536870912
310344827
divisible

24)
1000000000
1000000000
536870912
310344828
not divisible

25)
536870912
310344827
1000000000
1000000000
not divisible

26)
536870912
310344828
1000000000
1000000000
not divisible

27)
735134400
1000000000
1
1
divisible

28)
1
1
735134400
1000000000
not divisible

29)
1000000000
1000000000
5
1
divisible

30)
1000000000
1000000000
7
1
not divisible

31)
1000000000
1000000000
499999999
1
not divisible

32)
1000000000
1000000000
5
1000000000
divisible

33)
1000000000
1000000000
7
1000000000
not divisible

34)
1000000000
1000000000
499999993
1000000000
not divisible

35)
735134400
1000000000
128
1000000000
not divisible

36)
735134400
1000000000
64
1000000000
divisible

37)
735134400
1000000000
1
1000000000
divisible

38)
735134400
1
1
1000000000
divisible

39)
1
1000000000
735134400
1
not divisible

40)
1
1
735134400
1000000000
not divisible

41)
735134400
1000000000
81
1000000000
not divisible

42)
735134400
1000000000
27
1000000000
divisible

43)
735134400
1000000000
125
1000000000
not divisible

44)
735134400
1000000000
25
1000000000
divisible

45)
735134400
1000000000
49
1000000000
not divisible

46)
735134400
1000000000
7
1000000000
divisible

47)
735134400
1000000000
289
1000000000
not divisible

48)
735134400
1000000000
17
1000000000
divisible

49)
735134400
735134400
735134400
735134400
divisible

50)
735134400
735134400
735134400
735134401
not divisible

51)
735134400
735134401
735134400
735134400
divisible

52)
735134401
735134400
735134400
735134400
not divisible

53)
735134400
735134400
735134399
735134400
not divisible

54)
1
735134400
1
1000000000
divisible

55)
1
1000000000
1
735134400
divisible

56)
735134400
1000000000
19
1
not divisible

57)
735134400
19
19
1
not divisible

58)
735134400
190000000
19
1
not divisible

59)
19
1000000000
735134400
1
not divisible

60)
893871739
1000000000
735134400
1
not divisible

61)
735134400
1000000000
6
1000000000
divisible

62)
735134400
333333333
6
1000000000
not divisible

63)
735134400
333333334
6
1000000000
divisible

64)
735134400
1000000000
38
1
not divisible

65)
735134400
1000000000
499999993
1
not divisible

66)
735134400
1000000000
999999986
1
not divisible

67)
735134400
1000000000
1001
1000000000
divisible

68)
735134400
1000000000
539
1000000000
not divisible

69)
735134400
1000000000
17017
1000000000
divisible

70)
735134400
1000000000
1089088
1000000000
divisible

71)
735134400
1000000000
2178176
1000000000
not divisible

72)
735134400
1000000000
119119
1000000000
not divisible

73)
999999986
1000000000
499999993
1000000000
divisible

74)
999999986
500000000
499999993
1000000000
not divisible

75)
999999986
999999999
499999993
1000000000
not divisible

76)
219942934
43269322
1
820993374
divisible

77)
561775197
149619151
1
929044644
divisible

78)
659685519
110147994
779463
13769428
divisible

79)
38472105
756972955
50575
530305282
not divisible

80)
394687114
705849357
1
95629725
divisible

81)
241088416
50831540
2888
501917017
not divisible

82)
879870294
895545761
4720614
768890488
not divisible

83)
209605949
697961530
7
187286796
divisible

84)
859878656
54786088
448
147002405
not divisible

85)
57044397
762893753
171133191
614797652
not divisible

86)
261752654
945121959
151321
459718045
divisible

87)
469197874
929044313
18769
110614328
divisible

88)
108275182
139011618
417698
881972308
not divisible

89)
896561917
501393560
1
223343009
divisible

90)
313755552
895797510
726
447721131
divisible

91)
783329207
487540990
152276659
541080736
not divisible

92)
675411355
17135195
5
707924448
not divisible

93)
356139952
936201658
204166438
261956397
divisible

94)
601961158
103354717
1
814751855
divisible

95)
834681413
978359937
505861
695969472
not divisible

96)
967842375
702280293
32625
104881887
divisible

97)
357826511
71976306
49
35601126
divisible

98)
60260282
446091527
2
768992824
not divisible

99)
702200768
27669875
856
57808042
not divisible

100)
313223487
398288011
11785489
758305270
not divisible

101)
886034260
66971049
50
946030584
not divisible

102)
804882763
782033348
39601
86285273
divisible

103)
617551354
228730412
39242
816728268
not divisible

104)
449251709
838908210
3708911
304763421
divisible

105)
792627070
714608989
71705
153004242
divisible

106)
562161600
542214426
109621512
600957211
not divisible

107)
306028800
597685981
6125
458916177
not divisible

108)
615384000
650319600
202392960
921692260
not divisible

109)
544471200
111796199
228677904
162129201
not divisible

110)
578340000
769471991
29767500
388262254
not divisible

111)
228463200
71156505
7555
878923097
not divisible

112)
634737600
824322099
10125
632936925
not divisible

113)
93592800
599002587
43676640
709600140
not divisible

114)
218937600
3970848
530728200
222588141
not divisible

115)
451180800
486423640
567000
795546557
not divisible

116)
516196800
149206859
50185800
997329401
not divisible

117)
817840800
150566077
955737846
488691289
not divisible

118)
641844000
136660747
59430
258517732
not divisible

119)
894499200
823530997
3400
663422534
divisible

120)
224985600
230318015
813697920
402367158
not divisible

121)
82252800
932006942
16660
383190157
divisible

122)
476582400
504473657
3546000
142291335
divisible

123)
558532800
117693136
2700
644194400
not divisible

124)
282592800
303112399
14129640
823610008
not divisible

125)
622036800
369985966
52272000
49668206
divisible

126)
347608800
70277528
1966272
570589006
not divisible

127)
337327200
653836281
126000
544942811
not divisible

128)
683726400
15677860
374544000
928062402
not divisible

129)
226044000
84155
101430
443866337
not divisible

130)
343072800
987557161
525
175189775
divisible

131)
647136000
525199041
378
582301806
not divisible

132)
802267200
963258645
11113200
365488184
divisible

133)
497750400
123907683
74070
904778364
not divisible

134)
871365600
653120524
285600
279187295
divisible

135)
776109600
288347633
451137600
225913046
not divisible

136)
1001
100000
997
100000
not divisible

137)
999999937
1000000000
999999929
999999999
not divisible

138)
99999999
99999999
99999999
99999999
divisible

139)
2
4
4
2
divisible

140)
8
5
8
6
not divisible

141)
18
50
12
20
divisible

142)
2
2
1
1
divisible

143)
4
1
2
4
not divisible

144)
133333
133333
133333
133333
divisible

145)
2
1000000000
4
50000
divisible

146)
2
4
1
5
divisible

147)
1000000000
1000000000
1000000000
1000000000
divisible

148)
1000000000
1000000000
999999991
871826262
not divisible

149)
999999999
999999999
333333333
333333333
divisible

150)
3
1
3
1
divisible

151)
10
1
1
1
divisible

152)
1
12
1
13
divisible

153)
1
2
1
5
divisible

154)
2342
123123
1231231
123123
not divisible

155)
16
3
2
4
divisible

156)
1
2
1
2
divisible

157)
3
5
3
1
divisible

158)
1000000000
1000000000
999999929
999999999
not divisible

159)
333333333
100
999999999
3
divisible

160)
6
2
4
1
divisible

161)
999999937
1000000000
999999929
99999999
not divisible

162)
245
2
175
1
divisible

163)
1000000000
1000000000
1000000
100000000
divisible

164)
3
4
9
2
divisible

165)
1000000000
1000000000
999999999
1000000000
not divisible

166)
3
1000000
7
10000000
not divisible

167)
900000000
1000000000
999999999
999999999
not divisible

168)
12
100000000
9
1000000
divisible

169)
1999966
1000000000
999983
5000
divisible

170)
45
57
45
23
divisible

171)
1
1
1
11
divisible

172)
512
1000000000
2
1000000000
divisible

173)
5
1
1
100
divisible

174)
7
1
1
1000000
divisible

175)
2
2
3
1
not divisible

176)
100000009
1000000000
100000009
1000000000
divisible

177)
3
1
1
1
divisible

178)
4
300
8
200
divisible

179)
18
3
24
1
divisible

180)
12
2
2
3
divisible

181)
7
1
100000
1
not divisible

182)
1000000000
10
1000000000
10
divisible

183)
3
4
3
3
divisible

184)
5
1000000000
2
1000000000
not divisible

185)
32
6
8
9
divisible

186)
3
1
3
2
not divisible

187)
39
29999999
4563
9999999
divisible

188)
1024
524288
1024
262144
divisible

189)
2
2
6
1
not divisible

190)
100000000
100000
10000
1
divisible

191)
8
1
2
2
divisible

192)
1024
2048
512
128
divisible

193)
18
10
27
1
divisible

194)
10
3
100
1
divisible

195)
4
4
2
6
divisible

196)
1000000000
100000000
1000000000
1000000000
not divisible

197)
4
1
2
2
divisible

198)
2
1
2
1
divisible

199)
4
1
1
1
divisible

200)
6
1
6
1
divisible

201)
6
1
4
1
not divisible

202)
6
4
4
2
divisible

203)
6
4
9
2
divisible

204)
18
1
3
1
divisible

205)
10
1
10
1
divisible

206)
1
1
1
2
divisible

207)
100000000
100000000
2345677
23456
not divisible

208)
24
3
54
1
divisible

209)
36
2
8
1
divisible

210)
536870912
1000000000
2
2
divisible

211)
472882027
452930459
433024223
413158511
not divisible

212)
100
6
5
3
divisible

213)
4
4
8
2
divisible

214)
1
1
1
5
divisible

215)
1
23
3
4
not divisible

216)
3
2
1
2
divisible

217)
9801
100000
96059601
999999999
not divisible

218)
12
1000000000
8
100000000
divisible

219)
999999937
999999937
999999929
999999929
not divisible

220)
100000000
10000000
10000000
10000000
divisible

221)
324
10
243
1
divisible

222)
3
3
9
1
divisible

223)
999999997
999999999
999999996
989938499
not divisible

224)
3
2
7
1
not divisible

225)
27
100
243
1
divisible

226)
60
1000000000
2
1000000000
divisible

227)
1000000000
1000000000
1000000000
999999999
divisible

228)
1000000000
1000000000
2
1000000000
divisible

229)
1
1000000000
1000000000
1000
not divisible

230)
1000000000
999999999
999999999
999999999
not divisible

231)
24
2
18
1
divisible

232)
100000000
1000000000
1000000000
1000000000
not divisible

233)
2
4
3
2
not divisible

234)
5
1
1
1
divisible

235)
2
1
2
4
not divisible

236)
1
12
2
13
not divisible

237)
6
1000000000
12
500000000
divisible

238)
999999999
999999999
999999999
999999999
divisible

239)
30
1
10
1
divisible

240)
169
1
13
2
divisible

241)
10
3
20
1
divisible

242)
923456789
912312554
912312554
923456789
not divisible

243)
3
2
9
1
divisible

244)
1000000000
1000
10000000
10
divisible

245)
6
2
2
1
divisible

246)
18
2
12
1
divisible

247)
3
6
2
2
not divisible

248)
10
2
6
2
not divisible

249)
10
20
20
2
divisible

250)
15
3
25
1
divisible

251)
12
1000
27
1
divisible

252)
1000000000
1000000000
1
1
divisible

253)
54
100
243
1
divisible

254)
8
2
4
3
divisible

255)
9
1
3
2
divisible

256)
1152
4
11664
1
divisible

257)
2
3
2
3
divisible

258)
10
2
2
3
not divisible

259)
39916801
2
39916801
100
not divisible

260)
1000000000
1000000000
1
1000000000
divisible

261)
8
1
2
3
divisible

262)
256
1
8
5
not divisible

263)
4
1000
2
2000
divisible

264)
12
4
18
2
divisible

265)
7
1
1
10
divisible

266)
6
4
8
1
divisible

267)
120
3
10
1
divisible

268)
100
1
1000001
1
not divisible

269)
20
4
2
3
divisible

270)
4
1
64
1
not divisible

271)
16
100
4
200
divisible

272)
30
2
12
1
divisible

273)
6
8
12
4
divisible

274)
2
3
2
5
not divisible

275)
536870912
999999998
268435456
999999999
divisible

276)
216
2
6
3
divisible

277)
9
1
3
200
not divisible

278)
6
3
4
1
divisible

279)
536870912
1000000000
2
3
divisible

280)
100000001
1000000000
1000000000
200000000
not divisible

281)
2
1
1
100
divisible

282)
1000
120
1
212
divisible

283)
999999937
999999929
999999893
999999937
not divisible

284)
1000000000
999999999
1000000000
1000000000
not divisible

285)
999900017
64743
999900017
7777777
not divisible

286)
2
10000005
3
10000005
not divisible

287)
18
5
12
1
divisible

288)
999999937
100000
999999929
100000
not divisible

289)
2
2
3
2
not divisible

290)
19
2
3
2
not divisible

291)
33554432
1000000000
2
1000000
divisible

292)
2
1
4
1
not divisible

293)
39
29999999
4563
10000000
not divisible

294)
1
1
1
1000
divisible

295)
10
2
1
1000
divisible

296)
200
4
400
3
divisible

297)
5
999999999
2
1000000000
not divisible

298)
2
2
2
3
not divisible

299)
12
100000000
9
100000
divisible

300)
2
7
16
10
not divisible

301)
200000014
1
20000038
1
not divisible

302)
999999937
999999999
999999929
999999999
not divisible

303)
1029
4
81
1
divisible

304)
100
100003
100003
100003
not divisible

305)
13
100000000
9
100000
not divisible

306)
1
100
1
200
divisible

307)
982451653
1000000000
982451707
1000000000
not divisible

308)
10000000
1000000
1000000
1000000
divisible

309)
24
2
16
1
divisible

310)
1
1000000000
1000000000
1
not divisible

311)
1000000000
100000000
500000000
100000000
divisible

312)
12
3
9
1
divisible

313)
100
9
98
9
not divisible

314)
1
2
1
3
divisible

315)
1
1
1
44
divisible

316)
6
2
3
4
not divisible

317)
327305250
2
18
8
not divisible

318)
4
16
2
29
divisible

319)
999983
999983
999979
999979
not divisible

320)
1
1000000000
7
10
not divisible

321)
2000000
10
10000000
2
divisible

322)
3
5
1
3
divisible
