73

0)
1
2
1

1)
5
6
11

2)
999
1000
304191

3)
777
778
184139

4)
12
625
118493

5)
1
111
3716

6)
1
512
79596

7)
2
889
239959

8)
2
3
3

9)
2
5
7

10)
37
75
1715

11)
65
72
1585

12)
13
15
70

13)
81
1000
303824

14)
16
19
117

15)
1
1000
303792

16)
805
816
202456

17)
162
421
53817

18)
501
670
136459

19)
91
116
4115

20)
174
341
35339

21)
407
504
77316

22)
599
790
189766

23)
89
915
254296

24)
113
275
22964

25)
606
947
272697

26)
100
281
23959

27)
53
445
60046

28)
386
493
74040

29)
443
511
79537

30)
221
499
75638

31)
177
466
65958

32)
159
299
27194

33)
479
806
197404

34)
136
211
13549

35)
305
313
29940

36)
20
441
58985

37)
109
452
62088

38)
25
67
1352

39)
781
801
195264

40)
77
393
46871

41)
694
921
257984

42)
37
54
894

43)
104
321
31301

44)
2
5
7

45)
76
837
212648

46)
227
513
79995

47)
301
349
37162

48)
23
401
48700

49)
29
591
105969

50)
330
893
242355

51)
21
68
1403

52)
7
20
122

53)
79
206
12895

54)
516
583
103496

55)
209
419
53350

56)
172
855
222030

57)
183
634
122141

58)
79
251
19102

59)
233
927
261011

60)
227
642
125252

61)
467
755
173342

62)
5
16
74

63)
262
945
271359

64)
283
726
160133

65)
11
14
62

66)
999
1000
304191

67)
998
999
303791

68)
101
501
76183

69)
419
600
109451

70)
119
600
109371

71)
1
3
2

72)
2
13
47
