82

0)
2
498
499
1

1)
6
491
492
495
497
498
499
4

2)
1
1
1

3)
10
1
2
3
4
5
6
7
8
9
10
5

4)
5
2
4
6
8
10
5

5)
2
1
2
1

6)
4
100
200
300
400
4

7)
10
11
12
102
13
100
101
99
9
8
1
6

8)
6
5
55
155
255
355
455
6

9)
1
42
1

10)
1
110
1

11)
3
153
151
152
2

12)
4
67
296
68
297
2

13)
2
162
229
2

14)
6
118
321
322
119
120
320
4

15)
14
10
11
12
13
14
1
2
3
4
5
6
7
8
9
7

16)
4
325
170
48
171
3

17)
6
229
230
87
86
343
344
3

18)
6
167
168
215
8
394
393
4

19)
20
127
123
124
117
135
130
131
116
119
125
129
122
134
121
120
132
126
133
128
118
10

20)
20
25
18
33
21
30
36
29
17
27
24
22
19
34
23
28
20
32
31
26
35
10

21)
22
151
168
161
154
163
153
157
150
166
162
169
160
159
152
149
164
165
155
170
158
167
156
11

22)
21
235
110
109
113
111
115
238
241
240
243
118
242
236
234
114
108
117
239
116
237
112
11

23)
22
55
52
61
204
207
54
60
202
57
58
53
210
51
59
209
205
208
201
206
211
203
56
12

24)
24
74
260
67
69
65
265
268
262
270
263
71
261
269
76
267
72
73
70
68
266
259
75
66
264
12

25)
23
294
287
112
290
115
288
132
119
289
114
129
116
113
130
118
133
293
291
292
135
117
131
134
12

26)
25
253
187
183
259
13
186
8
7
15
9
257
184
14
182
181
11
255
188
258
185
256
260
254
12
10
13

27)
25
299
183
184
296
298
48
300
186
55
180
182
49
179
185
51
53
295
297
301
181
54
302
50
52
178
13

28)
25
353
355
121
242
238
53
52
241
236
49
240
119
50
356
124
351
123
51
122
354
54
352
237
120
239
13

29)
17
407
406
203
54
53
109
204
205
408
107
278
56
277
276
110
55
108
10

30)
18
23
385
286
203
288
20
386
289
204
22
287
387
201
99
21
202
101
100
10

31)
19
99
100
98
239
73
294
240
71
293
74
292
348
72
347
350
291
237
238
349
10

32)
12
418
5
170
250
133
169
4
325
134
419
251
324
6

33)
22
70
219
216
365
108
202
296
364
69
67
362
218
363
217
107
295
204
109
203
294
106
68
12

34)
23
225
75
72
376
157
74
159
226
51
158
375
332
54
52
331
373
160
374
333
224
227
53
73
12

35)
18
95
234
93
176
369
290
177
426
36
35
425
289
94
367
368
424
235
34
11

36)
20
192
366
393
391
115
127
193
365
126
262
113
263
364
49
392
47
264
48
194
114
13

37)
22
335
272
244
417
245
155
116
25
418
24
273
26
117
336
153
246
419
154
416
334
115
271
14

38)
19
244
356
104
103
390
182
152
355
243
277
354
6
180
276
389
153
181
242
5
11

39)
49
126
131
138
154
152
156
125
139
143
166
153
140
134
167
142
148
146
141
133
137
144
161
151
127
169
130
155
158
165
163
160
147
128
162
145
132
164
157
150
135
170
124
159
171
168
129
136
149
172
25

40)
49
210
208
8
13
17
220
215
16
212
205
21
227
219
24
224
226
216
204
3
15
211
203
20
209
213
5
7
18
2
11
221
9
218
223
23
22
12
10
214
207
19
14
225
222
217
6
25
4
206
25

41)
47
349
157
37
163
155
159
354
348
32
150
33
35
152
149
44
40
43
34
38
355
350
351
151
358
360
29
39
160
346
164
156
162
42
158
357
161
153
347
31
352
356
36
30
154
359
353
41
24

42)
47
36
178
43
169
380
235
374
371
175
231
44
381
176
40
237
375
379
378
37
177
241
168
170
238
234
377
173
376
167
373
372
41
39
230
35
171
240
174
239
38
236
232
46
45
172
233
42
24

43)
48
148
198
199
406
205
204
265
152
150
407
263
72
197
154
66
200
261
69
401
151
264
260
70
64
403
147
398
65
202
156
149
153
68
404
259
402
201
400
67
203
262
155
399
266
258
405
257
71
25

44)
46
117
159
393
272
56
331
330
328
399
57
329
120
327
326
59
160
53
124
121
271
397
276
163
58
398
270
275
396
55
164
165
158
122
277
123
273
119
274
392
332
161
395
394
54
118
162
24

45)
45
94
215
27
160
155
216
390
391
303
305
348
92
26
301
352
347
217
350
95
28
351
349
29
392
307
90
219
157
353
221
159
304
394
93
91
395
156
24
218
220
306
25
302
393
158
24

46)
44
80
82
118
335
322
169
249
47
245
168
123
49
81
396
321
78
172
48
392
120
337
45
119
395
325
246
170
247
394
79
122
339
393
334
77
336
338
323
44
46
171
324
248
121
24

47)
43
229
420
83
11
361
273
360
12
87
274
324
10
9
232
231
86
8
423
325
85
323
84
118
419
421
272
116
364
321
170
230
271
322
422
362
117
169
171
172
228
363
119
275
25

48)
43
11
232
288
414
233
381
230
321
229
82
157
108
284
81
287
380
413
185
83
415
13
158
156
186
323
15
231
109
80
416
159
379
107
184
286
12
320
285
187
14
322
382
110
23

49)
50
151
131
16
169
319
410
309
175
1
390
355
100
30
115
415
248
205
125
442
282
303
224
50
269
78
42
230
348
363
431
437
326
160
190
339
83
386
138
259
398
376
215
69
275
24
237
187
95
293
62
50

50)
49
204
414
238
14
28
103
211
393
144
476
5
46
287
343
76
89
247
65
353
122
335
309
256
464
409
182
161
273
116
431
485
135
158
378
367
445
323
266
297
172
56
38
454
92
383
421
192
312
226
49

51)
48
294
153
342
39
247
401
357
13
446
468
219
191
375
2
301
202
266
272
115
45
82
68
364
225
176
324
166
78
21
126
411
239
59
319
334
133
98
144
103
393
436
183
423
256
383
471
282
457
48

52)
47
46
73
21
375
254
151
358
236
166
336
147
425
95
57
469
18
305
202
328
413
127
437
131
271
286
401
397
248
87
361
175
261
451
191
218
63
181
448
116
344
315
385
34
9
103
226
296
47

53)
46
69
22
445
226
151
419
253
219
283
458
385
184
42
435
311
355
401
293
123
146
336
241
59
365
342
36
113
325
372
131
308
77
12
197
172
424
84
164
264
207
238
96
106
3
391
276
46

54)
14
10
11
12
13
14
1
2
3
4
5
6
7
8
9
7

55)
31
1
3
2
8
7
9
10
11
12
400
13
89
14
123
15
20
21
22
23
24
25
26
27
29
31
30
489
488
487
486
485
19

56)
1
1
1

57)
1
100
1

58)
2
5
10
2

59)
21
10
11
12
13
14
1
2
3
4
5
6
7
8
9
15
16
17
18
19
20
21
11

60)
47
1
2
3
4
5
6
7
8
9
10
15
16
14
18
19
20
21
22
23
30
100
101
102
103
104
105
106
107
108
109
110
120
121
122
123
124
125
126
128
140
141
142
152
153
400
401
402
27

61)
3
2
1
3
2

62)
1
3
1

63)
4
1
2
3
4
2

64)
6
1
2
3
5
6
4
3

65)
1
24
1

66)
4
20
50
48
49
3

67)
9
1
2
3
4
5
6
7
8
9
5

68)
3
1
2
3
2

69)
14
1
2
3
4
5
56
7
10
11
20
21
34
35
36
9

70)
15
1
2
3
4
5
6
7
8
9
21
12
54
45
65
56
11

71)
1
33
1

72)
4
2
4
1
3
2

73)
14
10
11
12
13
14
1
2
3
4
5
6
8
7
9
7

74)
23
1
2
3
4
5
6
7
8
9
10
11
12
13
14
15
16
17
18
22
23
24
266
27
13

75)
4
1
5
4
6
3

76)
17
1
3
2
4
5
6
7
9
32
33
34
35
36
37
38
39
112
10

77)
5
5
6
7
8
9
3

78)
6
3
4
2
7
9
11
5

79)
3
3
4
2
2

80)
5
1
2
3
4
5
3

81)
3
3
1
2
2
