157

0)
3
3
1
1
1
1.0

1)
20
12
1
2
3
4
5
6
1
2
3
4
5
6
0.0

2)
500
3
1
2
1
1.0

3)
5
3
1
2
3
0.0

4)
20
17
1
2
3
4
5
6
7
1
2
3
4
5
6
7
18
19
0
0.0

5)
23
14
17
10
3
14
22
5
11
10
22
3
14
5
11
17
0.14285714285714285

6)
3
2
2
1
0.0

7)
4
2
0
1
0.0

8)
5
3
4
3
3
1.0

9)
6
3
4
2
5
0.0

10)
7
4
5
6
6
0
1.0

11)
8
4
3
3
6
3
1.0

12)
8
7
4
7
4
6
1
4
6
1.0

13)
2
2
1
1
1.0

14)
9
8
0
2
0
6
4
8
1
7
1.0

15)
10
5
4
3
1
2
3
1.0

16)
10
8
3
4
1
1
3
8
7
4
0.3333333333333333

17)
11
1
3
0.0

18)
21
2
18
3
0.0

19)
31
2
25
12
0.0

20)
41
3
24
18
40
0.0

21)
51
3
25
26
5
0.0

22)
61
4
12
44
33
12
1.0

23)
71
4
67
23
70
40
0.0

24)
71
7
20
57
55
17
14
25
3
0.0

25)
81
5
12
65
27
68
27
1.0

26)
81
8
28
45
14
25
5
80
64
15
0.0

27)
91
5
43
56
39
77
62
0.0

28)
91
8
11
80
88
70
10
84
89
83
0.0

29)
41
40
31
8
37
10
21
0
19
4
28
7
38
7
4
34
13
30
1
6
18
22
10
3
39
35
13
39
3
2
8
35
26
27
29
15
8
21
0
28
37
10
0.5

30)
42
40
35
5
37
14
29
24
38
40
38
10
33
20
18
41
30
17
22
17
30
41
2
15
1
9
32
32
1
8
8
16
18
39
6
15
12
40
7
30
11
25
1.0

31)
43
40
16
31
20
4
24
37
30
15
9
37
5
13
34
38
23
11
33
5
15
36
3
3
7
37
8
31
32
0
39
15
25
22
13
17
40
24
36
39
31
0
0.3333333333333333

32)
44
40
12
32
38
18
32
40
14
13
9
30
25
9
12
38
14
16
10
23
18
1
38
31
15
8
16
27
10
38
28
35
0
30
6
2
43
9
37
34
40
8
1.0

33)
44
43
13
10
26
39
33
23
37
8
40
13
15
20
4
2
15
29
41
36
25
21
31
11
30
25
26
33
28
10
17
41
20
0
33
42
25
29
0
1
36
4
41
39
2
0.0

34)
45
40
34
16
17
40
15
28
18
29
3
34
31
37
19
4
22
21
34
13
20
12
31
26
40
8
37
35
39
24
1
41
16
26
23
38
10
0
28
12
8
32
1.0

35)
45
43
20
38
36
16
28
21
37
31
4
21
17
19
1
0
20
13
26
29
14
12
24
18
44
9
35
20
39
1
33
19
32
8
23
22
5
3
11
32
25
17
4
44
39
1.0

36)
46
40
32
22
38
11
11
10
35
7
20
35
17
24
15
0
34
1
20
16
3
37
18
5
29
3
25
38
29
26
43
13
45
16
25
39
1
13
28
4
18
6
0.0

37)
46
43
0
34
5
34
11
16
10
6
5
13
23
0
36
21
17
38
2
32
27
4
5
9
34
28
26
36
29
18
32
7
23
0
6
36
5
14
40
9
10
40
40
19
16
1.0

38)
47
40
11
35
6
11
10
20
33
33
25
2
9
14
45
40
12
36
15
43
38
40
16
29
15
24
7
43
1
42
35
45
32
1
22
12
33
19
26
3
41
39
1.0

39)
47
43
25
14
2
5
30
3
11
21
41
17
0
46
35
9
25
20
0
0
23
40
21
38
32
10
35
14
8
31
9
21
30
41
7
44
34
4
20
9
22
23
9
17
45
1.0

40)
47
46
28
4
19
9
9
6
40
33
18
3
7
7
27
37
23
24
30
18
24
6
26
2
18
10
21
42
12
30
27
5
25
34
19
2
22
39
18
26
9
6
22
13
14
5
19
25
1.0

41)
48
40
37
15
3
17
5
14
42
14
37
7
42
22
7
45
1
14
5
38
36
25
0
25
2
36
41
12
13
33
31
39
38
38
11
13
24
38
24
11
24
1
1.0

42)
48
43
8
1
11
8
2
34
9
4
32
23
17
23
24
40
29
34
9
45
22
25
9
18
27
4
12
26
47
23
8
21
16
37
39
37
15
16
12
45
29
36
25
43
35
0.0

43)
48
46
21
17
40
21
38
9
29
7
43
5
40
0
33
16
15
30
28
43
4
43
18
42
10
47
39
12
23
5
7
42
11
34
43
33
0
20
6
35
33
7
32
42
16
30
5
31
1.0

44)
49
40
20
9
5
28
26
11
26
31
28
30
1
34
47
4
9
5
23
42
20
16
19
23
18
19
28
45
38
46
1
13
21
6
48
3
20
11
2
17
48
36
0.5

45)
49
43
19
1
28
28
32
14
30
3
44
16
3
2
26
20
23
20
14
4
43
15
14
34
4
11
5
17
42
13
19
28
7
3
33
44
31
4
2
3
19
29
27
15
21
1.0

46)
49
46
44
10
43
43
29
4
20
33
9
39
13
9
30
18
39
28
21
32
45
33
42
4
7
27
15
41
46
20
20
7
3
13
36
35
42
16
24
37
24
17
0
32
43
4
2
5
0.3333333333333333

47)
50
40
25
11
37
36
40
0
12
34
43
3
16
2
8
12
33
4
3
34
3
6
48
24
17
13
9
28
0
30
18
8
0
5
11
14
3
26
43
9
2
11
1.0

48)
50
43
39
48
32
3
24
20
2
23
31
19
28
9
8
19
21
3
45
31
4
42
35
13
48
39
22
38
37
10
11
34
8
11
9
43
15
19
37
19
8
0
21
14
17
1.0

49)
50
46
15
5
15
30
39
12
38
32
4
35
10
34
24
30
15
1
41
15
29
10
48
23
38
27
32
6
39
13
8
41
40
23
13
28
34
28
0
21
35
24
21
33
17
3
45
18
1.0

50)
50
49
25
26
29
0
48
9
43
36
30
16
49
17
28
29
14
21
5
26
16
16
26
16
37
31
14
40
36
21
12
21
14
9
15
2
23
24
41
45
12
23
31
6
18
18
2
7
7
31
12
1.0

51)
213
1
131
0.0

52)
213
2
101
101
1.0

53)
213
3
45
65
65
1.0

54)
213
4
87
87
137
87
1.0

55)
213
5
88
88
70
70
70
1.0

56)
213
6
24
191
24
191
134
61
0.5

57)
213
7
64
186
36
36
157
149
64
0.5

58)
213
8
29
29
18
208
66
208
173
66
0.0

59)
213
9
175
98
175
212
82
168
165
175
80
1.0

60)
213
10
71
184
10
191
71
164
27
71
164
86
1.0

61)
213
11
123
40
197
45
124
36
36
197
203
124
150
0.0

62)
213
12
92
46
87
207
154
27
46
117
208
96
71
92
0.5

63)
213
13
42
30
101
113
41
179
113
76
69
30
18
159
36
0.5

64)
213
14
23
63
18
18
149
28
23
95
15
62
56
15
209
209
0.25

65)
213
15
34
76
95
177
101
65
120
191
18
34
93
168
191
108
95
0.0

66)
213
16
29
69
40
107
161
91
128
91
118
168
44
168
4
42
128
204
0.0

67)
213
17
211
27
178
72
36
142
184
191
1
62
36
51
153
86
147
21
140
1.0

68)
213
18
51
197
202
163
49
30
42
148
8
22
8
67
67
176
82
43
169
93
0.5

69)
213
19
57
146
164
139
52
96
132
61
195
113
143
57
96
59
143
104
124
11
193
0.0

70)
213
20
27
195
61
99
63
180
47
66
41
193
31
174
193
27
61
128
96
41
174
169
0.0

71)
213
21
147
136
198
96
154
37
128
195
55
140
94
198
171
37
176
69
114
153
178
69
188
0.0

72)
213
22
186
99
199
98
68
99
170
74
75
186
18
29
26
185
120
140
101
98
18
68
192
19
0.0

73)
213
23
138
143
47
185
152
53
44
184
10
152
82
97
184
176
134
191
82
13
124
13
62
134
185
0.0

74)
213
24
20
13
120
51
193
4
195
80
70
162
41
207
207
13
128
22
41
4
211
150
132
160
211
56
0.0

75)
213
25
7
149
76
43
7
160
76
64
118
179
3
166
134
118
133
98
95
142
138
107
128
45
91
134
128
0.0

76)
497
1
39
0.0

77)
497
8
295
485
35
342
295
342
115
473
0.5

78)
497
15
199
444
199
154
391
41
345
46
51
414
55
428
97
345
428
0.3333333333333333

79)
497
22
13
343
27
256
125
125
293
438
494
13
50
4
160
4
488
44
448
25
160
186
118
27
0.2

80)
491
1
111
0.0

81)
491
4
193
57
57
128
1.0

82)
491
7
238
238
313
300
129
238
189
1.0

83)
491
10
174
92
391
243
448
224
448
391
174
391
1.0

84)
491
13
30
51
251
44
28
356
425
330
425
425
117
51
286
1.0

85)
491
16
17
87
280
245
44
280
396
160
17
160
35
68
35
340
87
340
0.16666666666666666

86)
491
19
465
100
390
210
307
227
470
30
355
227
465
71
47
307
65
108
363
30
281
0.25

87)
491
22
196
478
50
50
79
245
145
358
408
145
349
258
327
275
472
408
245
318
419
327
196
228
0.16666666666666666

88)
491
25
293
449
287
224
134
419
261
449
31
287
115
437
39
270
87
115
164
178
50
261
474
87
331
39
331
0.14285714285714285

89)
500
1
394
0.0

90)
500
9
43
355
236
188
280
24
245
236
43
0.0

91)
500
17
113
309
374
341
312
447
447
164
17
164
17
37
416
184
238
121
292
0.0

92)
500
25
124
56
8
99
21
421
167
368
355
248
163
8
71
88
270
234
56
495
46
234
137
38
158
158
21
0.0

93)
348
10
66
327
230
263
180
180
245
263
178
263
1.0

94)
309
24
62
241
199
94
291
212
64
17
75
138
158
138
201
254
62
27
48
262
158
28
76
262
28
10
0.2

95)
187
17
144
160
38
139
136
22
101
46
38
15
137
69
169
179
87
153
101
0.5

96)
178
11
42
76
31
145
7
76
42
6
7
58
6
0.0

97)
313
19
278
120
179
74
138
177
269
217
178
200
179
177
23
307
227
256
227
125
225
0.3333333333333333

98)
306
2
142
24
0.0

99)
294
7
261
261
27
232
168
269
59
1.0

100)
448
25
203
193
258
77
38
189
11
45
321
232
321
444
418
242
199
31
149
203
262
258
199
444
220
56
242
0.0

101)
342
17
214
58
76
52
244
160
199
293
244
238
28
52
277
287
89
172
129
0.0

102)
291
22
135
244
56
56
259
241
79
184
154
150
273
196
2
12
246
241
184
150
77
189
157
196
0.2

103)
22
6
1
2
3
1
2
3
0.3333333333333333

104)
367
40
1
2
3
4
5
6
7
8
9
10
11
12
13
14
15
16
17
18
19
20
1
2
3
4
5
6
7
8
9
10
11
12
13
14
15
16
17
18
19
20
0.05

105)
3
3
1
1
1
1.0

106)
500
50
0
1
2
3
4
5
6
7
8
9
10
11
12
13
14
15
16
17
18
19
20
21
22
23
24
25
26
27
28
29
30
31
32
33
34
35
36
37
38
39
40
41
42
43
44
45
46
47
48
49
0.0

107)
10
1
1
0.0

108)
500
1
499
0.0

109)
120
5
1
3
5
6
9
0.0

110)
500
43
1
1
1
1
1
2
2
2
3
3
3
4
4
5
6
7
8
9
10
13
14
15
17
17
17
17
17
18
22
24
24
25
105
150
150
150
150
150
493
493
493
493
493
0.0

111)
500
38
1
1
2
2
3
3
4
4
5
5
6
6
7
7
8
8
9
9
9
10
10
10
11
11
11
11
12
12
12
12
13
13
13
13
14
14
14
14
0.0

112)
5
4
0
1
0
1
0.5

113)
11
8
0
0
1
1
2
2
3
3
0.25

114)
10
3
9
9
8
1.0

115)
500
9
1
1
1
222
222
222
499
499
499
0.0

116)
23
14
17
10
3
14
22
5
11
10
22
3
14
5
11
17
0.14285714285714285

117)
497
50
0
1
2
3
4
5
6
7
8
9
10
11
12
13
14
15
16
17
18
19
20
21
22
23
24
0
1
2
3
4
5
6
7
8
9
10
11
12
13
14
15
16
17
18
19
20
21
22
23
24
0.04

118)
2
1
1
0.0

119)
10
6
0
1
2
0
1
2
0.3333333333333333

120)
2
2
0
1
0.0

121)
5
4
0
0
1
1
0.5

122)
500
15
20
30
5
4
4
4
4
31
23
22
2
2
2
2
43
0.0

123)
20
17
1
2
3
4
5
6
7
1
2
3
4
5
6
7
18
19
0
0.0

124)
5
5
1
1
2
2
3
0.5

125)
2
2
0
0
1.0

126)
500
1
1
0.0

127)
21
20
1
2
3
4
5
6
1
2
3
4
5
6
7
8
9
10
11
12
13
14
0.0

128)
10
6
1
1
2
2
3
3
0.3333333333333333

129)
500
48
0
0
0
1
1
1
2
2
2
3
3
3
4
4
4
5
5
5
6
6
6
7
7
7
8
8
8
9
9
9
10
10
10
11
11
11
12
12
12
13
13
13
14
14
14
15
15
15
0.0

130)
10
3
1
2
2
1.0

131)
7
5
1
1
2
2
3
0.5

132)
50
1
1
0.0

133)
16
16
10
15
0
13
10
9
4
11
0
6
1
13
2
5
8
12
0.3333333333333333

134)
500
27
1
1
1
1
1
1
1
1
1
1
2
3
4
5
6
7
8
9
0
1
55
234
432
333
444
56
64
1.0

135)
10
8
0
1
2
0
1
2
3
4
0.3333333333333333

136)
480
9
1
1
1
2
2
2
3
3
3
0.0

137)
293
24
102
262
241
218
51
251
208
150
89
4
26
106
43
48
289
130
34
1
2
110
155
167
176
177
0.0

138)
4
4
0
0
1
1
0.0

139)
30
4
0
1
0
2
1.0

140)
17
4
0
0
1
1
0.5

141)
9
7
1
1
1
2
2
2
0
0.5

142)
7
1
1
0.0

143)
78
1
45
0.0

144)
9
9
3
3
3
2
2
2
1
1
1
0.0

145)
500
11
1
1
384
348
394
281
483
283
438
28
283
0.0

146)
5
5
0
0
1
2
1
0.5

147)
5
1
1
0.0

148)
7
7
3
3
3
1
1
1
2
0.5

149)
19
10
0
0
1
1
2
2
3
3
4
4
0.2

150)
4
2
0
0
1.0

151)
100
12
1
1
1
1
2
2
2
2
2
3
3
3
1.0

152)
20
1
1
0.0

153)
2
1
0
0.0

154)
6
5
0
0
1
1
2
0.0

155)
500
6
0
0
1
2
3
1
0.0

156)
21
14
1
2
3
4
5
6
7
1
2
3
4
5
6
7
0.0
