138

0)
4
1
1
1

1)
0
0
0
0

2)
10
2
2
3

3)
60
10
10
20

4)
2
1
0
1

5)
4
0
1
1

6)
824
309
81
331

7)
866
135
207
226

8)
870
198
205
230

9)
636
180
118
200

10)
404
92
88
114

11)
798
199
146
253

12)
540
186
60
210

13)
792
69
170
226

14)
504
120
112
140

15)
754
228
120
257

16)
884
234
122
320

17)
622
194
63
248

18)
820
254
104
306

19)
510
128
102
153

20)
792
328
45
351

21)
622
199
83
228

22)
742
147
176
195

23)
450
123
65
160

24)
836
277
95
323

25)
466
61
109
124

26)
972
384
68
418

27)
976
466
11
477

28)
968
94
229
255

29)
438
149
35
184

30)
752
166
185
191

31)
994
285
129
368

32)
866
299
122
311

33)
724
280
68
294

34)
776
89
159
229

35)
648
75
161
163

36)
906
272
138
315

37)
956
315
89
389

38)
930
310
133
332

39)
958
162
198
281

40)
854
253
118
309

41)
856
359
45
383

42)
730
164
136
229

43)
930
30
228
237

44)
932
111
212
254

45)
672
125
118
218

46)
632
223
74
242

47)
918
131
220
239

48)
294
81
54
93

49)
990
309
134
361

50)
534
47
118
149

51)
982
279
140
351

52)
682
74
146
195

53)
496
127
77
171

54)
798
211
176
223

55)
892
401
45
401

56)
990
251
162
333

57)
996
248
169
329

58)
976
242
164
324

59)
1000
246
169
331

60)
968
240
162
322

61)
980
244
163
327

62)
996
250
168
330

63)
976
243
164
324

64)
1000
249
170
330

65)
978
241
164
325

66)
1000
375
125
375

67)
960
349
131
349

68)
926
356
107
356

69)
886
343
100
343

70)
818
305
104
305

71)
848
321
103
321

72)
986
368
125
368

73)
964
366
116
366

74)
986
376
117
376

75)
890
327
118
327

76)
970
373
112
373

77)
364
54
91
91

78)
456
26
114
114

79)
792
58
198
198

80)
980
74
245
245

81)
316
54
79
79

82)
56
13
14
14

83)
756
83
189
189

84)
828
12
207
207

85)
492
107
123
123

86)
600
116
150
150

87)
364
178
2
180

88)
666
103
115
218

89)
570
95
95
190

90)
654
235
46
281

91)
852
200
113
313

92)
930
175
145
320

93)
768
348
18
366

94)
774
115
136
251

95)
892
84
181
265

96)
452
54
86
140

97)
844
422
0
422

98)
868
434
0
434

99)
800
400
0
400

100)
886
443
0
443

101)
918
459
0
459

102)
998
499
0
499

103)
992
496
0
496

104)
874
437
0
437

105)
864
432
0
432

106)
810
405
0
405

107)
960
240
240
240

108)
924
231
231
231

109)
892
223
223
223

110)
896
224
224
224

111)
880
220
220
220

112)
896
224
224
224

113)
940
235
235
235

114)
920
230
230
230

115)
932
233
233
233

116)
908
227
227
227

117)
952
0
238
238

118)
956
0
239
239

119)
892
0
223
223

120)
888
0
222
222

121)
884
0
221
221

122)
932
0
233
233

123)
892
0
223
223

124)
880
0
220
220

125)
900
0
225
225

126)
952
0
238
238

127)
1000
500
0
500

128)
1000
0
250
250

129)
1000
250
250
250

130)
1000
200
200
300

131)
64
11
11
21

132)
10
5
0
5

133)
16
2
3
5

134)
6
2
1
2

135)
4
2
0
2

136)
1000
400
50
450

137)
502
101
100
151
