66

0)
1
0

1)
19
2

2)
1000000
167960

3)
13
0

4)
999999
167959

5)
514229
0

6)
673134
158905

7)
199
34

8)
100
11

9)
200
33

10)
300
67

11)
400
23

12)
500
110

13)
567876
53647

14)
257
24

15)
765
155

16)
15
2

17)
9368
1578

18)
2615
31

19)
2
0

20)
27491
1166

21)
5
0

22)
7
1

23)
8
0

24)
12
1

25)
15
2

26)
16
3

27)
19
2

28)
18
3

29)
3417
764

30)
28
6

31)
34
0

32)
35
1

33)
1728
131

34)
2003
406

35)
142178
20785

36)
125784
4391

37)
59876
13508

38)
606259
92030

39)
165
21

40)
76856
1831

41)
24564
4093

42)
26377
2280

43)
290
57

44)
186312
10106

45)
3299
715

46)
707233
124807

47)
16181
1530

48)
536
74

49)
758092
73948

50)
190039
6379

51)
219
14

52)
18208
497

53)
874
113

54)
1281
294

55)
212428
16010

56)
29088
431

57)
165003
31415

58)
982
5

59)
507547
6682

60)
127
17

61)
320087
2276

62)
487803
26426

63)
183288
13130

64)
9
1

65)
4
1
