228

0)
3
2
5
6
2
5
6

1)
3
2
5
2
3
5
9

2)
1
1
1
0
0
1
2

3)
3
4
100500
48
1024
1000
100500

4)
15724
19169
26501
6334
18467
42
26543

5)
28145
5705
24465
26962
29358
11479
35944

6)
11942
2995
492
9961
16827
23282
23774

7)
153
3902
14605
32391
5436
4828
19433

8)
19895
19718
18717
17421
12382
293
19010

9)
19912
1869
11539
14771
21726
5448
16987

10)
23811
28703
9895
17035
26299
25668
35563

11)
7711
15141
4665
17673
30333
31323
35988

12)
32757
32662
27645
25547
6868
28254
55899

13)
778
27529
9742
8723
12859
20038
29780

14)
6
8
1843
0
5
12317
1844

15)
5
6
22649
4
2
9041
31690

16)
1
6
15351
0
9
15891
15352

17)
4
4
12624
9
8
24394
37018

18)
8
1
7377
6
0
18757
3

19)
8
7
11324
6
9
16945
28269

20)
5
3
16542
9
2
16119
32661

21)
6
7
9931
4
8
4640
14571

22)
2
4
28746
1
6
31674
60420

23)
2
7
15574
7
9
6271
21845

24)
7
5
18637
1
0
23987
18639

25)
0
0
12053
1
4
23656
23657

26)
1
7
3431
6
4
16942
20373

27)
3
3
12288
7
7
18008
30296

28)
8
1
9759
9
9
14946
14947

29)
8
3
13031
6
6
6423
19453

30)
9
0
1656
2
1
901
3

31)
1
5
6484
8
7
27625
34109

32)
0
4
30837
1
0
3603
2

33)
4
8
23200
8
1
4597
23201

34)
938
6418
2000
53
4734
8282
10282

35)
893
3728
468
127
3788
6901
7369

36)
617
4310
2422
807
2483
24649
27071

37)
451
8935
7617
309
9514
22814
30431

38)
303
2798
31557
519
5249
20601
52158

39)
702
4989
32610
844
1008
6225
38835

40)
587
523
14344
93
485
3196
17540

41)
618
3458
25201
448
9503
29315
54516

42)
798
9589
15282
798
9796
20581
35862

43)
292
8538
23623
472
7157
28010
51633

44)
191
7958
29658
190
4179
6039
35697

45)
634
6202
11512
156
2888
19816
31328

46)
886
6362
22647
328
55
24273
46920

47)
416
3844
20143
869
8433
18876
39019

48)
699
21
18652
322
1998
21882
40534

49)
712
5075
24390
892
8476
3558
27948

50)
688
7861
26870
3
2510
2601
29471

51)
585
5002
16424
255
9789
13402
29826

52)
757
8617
31427
88
285
24183
55610

53)
189
5721
2155
169
932
9833
11988

54)
555
1425
100408
368
1329
100424
200832

55)
60
145
100488
441
6549
100466
200954

56)
996
6279
100477
139
3753
100482
200959

57)
949
9866
100463
549
2529
100413
200876

58)
105
8286
100484
297
3195
100407
200891

59)
701
8114
100466
455
6282
100412
200878

60)
355
4313
100437
786
671
100484
200921

61)
945
1832
100492
912
53
100415
200907

62)
982
3646
100442
321
7756
100487
200929

63)
161
7129
100478
196
4144
100419
200897

64)
659
2044
100434
173
450
100465
200899

65)
510
6154
100476
253
6439
100408
200884

66)
22
4474
100487
186
649
100455
200942

67)
391
7958
100495
787
4018
100432
200927

68)
824
9314
100486
477
3625
100498
200984

69)
70
1833
100441
372
5874
100466
200907

70)
270
7773
100423
518
8297
100413
200836

71)
480
3102
100415
192
2668
100437
200852

72)
625
527
100401
802
7627
100487
200888

73)
181
3061
100428
23
1924
100457
200885

74)
64361782
278265998
13032
404190149
398909281
31004
44036

75)
7731313
467628530
30975
273962893
258886387
13065
44040

76)
88331384
4601214
12551
152935541
344122576
19712
32263

77)
153311297
69235394
26303
210891650
69658576
28020
54323

78)
17776006
91768487
23153
432729471
335060730
23852
47005

79)
234755061
394647782
30228
165691496
155909546
9011
39239

80)
184483000
86041627
14475
114291593
59903613
7883
22358

81)
334102285
122467277
24597
490274939
434550262
25424
50021

82)
210101195
450663219
20327
265950118
270669882
1265
21592

83)
111530245
161894771
21764
489059820
205197150
21154
42918

84)
353874983
376079536
13008
76004269
80438542
30901
43909

85)
148862018
191845671
5109
76159309
418139037
2304
7413

86)
420609636
19473952
6541
397338317
234933697
14461
21002

87)
279393325
53290125
23217
474665036
461759623
6073
29290

88)
416729352
470499968
13023
462114144
262567997
29338
42361

89)
230625183
214934244
4566
290683301
287799911
11586
16152

90)
238331539
203117345
16973
474330366
55814400
12054
29027

91)
72865406
153203338
22849
381265747
81363855
2608
25457

92)
53312702
105563598
17826
161115859
213375189
23755
41581

93)
53667750
399552958
22702
70119943
41489194
15206
37908

94)
1112
2
6963
1112
2
1994
6963

95)
2700
8
24856
2400
3
14414
39269

96)
611
8
1753
2444
4
30878
31755

97)
16152
8
20073
5384
24
10041
30113

98)
17
8
13170
136
216
14933
28102

99)
1464
9
2590
1464
9
28686
28686

100)
22592
27
22045
353
4
19315
41359

101)
3795
3
12182
759
5
11193
23374

102)
4650
3
17550
2325
6
20609
38158

103)
10032
4
31241
2508
4
6468
31242

104)
601
16
8214
38464
24
6078
14292

105)
601
16
26429
9616
6
23393
49821

106)
75
5
6288
1800
5
18787
25075

107)
108648
24
2364
12072
36
21222
23586

108)
105624
6
7620
17604
216
18241
23321

109)
5346
9999
75617
5346
1000
2252
77868

110)
495
100000
63296
5000
9999
34269
97565

111)
4653
100000
53594
469953
9999
8917
62511

112)
2277
10
52640
2300000
10
86141
138781

113)
5742
100000
41957
58000000
1000
25563
67520

114)
9000
100000
69738
9000
10
55623
114236

115)
28000
9999
84972
279972
10
28807
113778

116)
62000
1000
85713
6200000
1000
75266
160979

117)
13000
99
10584
13000000
9999
43275
53859

118)
499950
100000
88
499950
10
16699
16699

119)
529947
1000
37915
5300000
9999
8834
46749

120)
89991
9999
4768
9000000
100000
14049
18817

121)
200000
9999
5279
200000
10
63668
68946

122)
6400000
9999
23852
64000000
99
2076
25928

123)
33000000
10
81207
33000000
10
2250
81207

124)
10976
2744
45557
10976
2744
96680
96680

125)
7448
196
47246
104272
14
33675
64084

126)
117992
2744
14835
117992
196
74301
81718

127)
8820
2744
63077
8820
2744
76235
76235

128)
10780
2744
55754
150920
196
28491
74748

129)
178360
14
53742
178360
2744
24228
60056

130)
1008
24
61280
1008
624
75218
136497

131)
144
624
20117
744
3125
97215
117332

132)
624
124
49697
16224
5
90283
139980

133)
864
24
17984
112500
24
92447
110431

134)
1344
124
61448
874944
24
92520
153968

135)
6820
5
53526
6820
24
54693
108218

136)
3100
24
59073
15600
124
12562
71635

137)
6200
124
31062
156250
3125
32684
63746

138)
1984
124
66702
249984
624
21792
88494

139)
33696
624
42772
33696
3125
78913
121684

140)
29952
3125
81331
150000
124
12644
93975

141)
17472
5
50578
437472
5
63960
114538

142)
156250
5
35714
156250
24
45797
81510

143)
237500
624
10688
1187424
3125
44712
55400

144)
1390536
624
92028
1390536
124
40965
132992

145)
499999999
0
100500
500000000
500000000
100500
100502

146)
499999999
0
100500
500000000
0
100500
3

147)
499999999
1
100500
500000000
500000000
100500
100501

148)
499999999
1
100500
500000000
1
100500
2

149)
500000000
1
100500
500000000
500000000
100500
100500

150)
500000000
1
100500
500000000
1
100500
1

151)
499999999
499999999
100500
500000000
500000000
100500
201000

152)
499999998
500000000
100500
499999999
499999999
100500
201000

153)
446185740
410498683
100500
268953270
164601714
100500
201000

154)
1
274684395
100500
251020324
255002404
100500
201000

155)
1
493335308
100500
90742056
43867919
100500
201000

156)
1000007
1000007
100500
1000009
1000009
100000
200500

157)
33554430
33554432
100500
33554431
33554432
100500
201000

158)
4194304
4194304
100500
4194303
4194304
100500
201000

159)
4194304
4194304
100500
4194304
4194304
100500
100500

160)
11
0
100500
15
61
10516
10518

161)
11
1
11021
54
84
15468
15469

162)
65415
46845
46515
54684
0
46558
46517

163)
7
4
5
8
0
1
6

164)
12
0
1
42
31
1
2

165)
1
247256567
100500
33883938
19096233
100500
201000

166)
15
5
20
3
25
50
60

167)
3
4
100500
48
102499
100000
200499

168)
500000000
500000000
100500
500000000
500000000
100500
100500

169)
499999999
499999999
100500
499999997
499999997
100500
201000

170)
8
4
10500
16
64
10500
21000

171)
500000000
500000000
100000
500000000
500000000
100000
100000

172)
9
108
10300
36
4
1100
11400

173)
500000000
500000000
45
35
67
78
123

174)
100000000
200000000
10500
300000000
150000000
10400
20900

175)
500000000
500000000
13333
500000000
500000000
13333
13333

176)
499999999
99999999
99
499292939
391989849
30
129

177)
510510
510510
100500
485100
485100
100500
201000

178)
499999999
499999977
100500
499999799
499999997
100500
201000

179)
30
30
100000
6
150
100000
199999

180)
1000000
1000000
100500
1000000
1000000
100500
100500

181)
400000000
400000000
99
400000000
400000000
400
400

182)
400
210
100500
2
210
100500
201000

183)
499999999
499999999
100000
499999999
499999999
100000
100000

184)
500000000
500000000
100500
499999999
500000000
100500
201000

185)
0
0
100300
0
0
100300
1

186)
30
77
10000
33
70
500
10499

187)
499999997
499999999
100489
499999999
499999997
100499
200987

188)
400000000
400000000
100000
400004235
213421323
100001
200001

189)
500000000
50000000
10050
3650
100000000
65
10115

190)
483229421
483228817
100500
483231491
483229387
100500
201000

191)
12
1581
100400
151
3
100100
200500

192)
500000000
499999999
100500
498765432
499999998
100500
201000

193)
477777777
50000000
100500
5000000
477777777
100000
200500

194)
499999999
498765432
100500
412345678
398765421
100500
201000

195)
12
53
1005
12
106
100500
101504

196)
500000000
500000000
100500
49999999
49999999
100499
200999

197)
200
20000
100500
197
15478
100500
201000

198)
478296791
18234627
100500
478296787
12415135
100500
201000

199)
3
4
100500
48
1024
100500
180900

200)
500000000
455454545
100000
445448488
465656644
100000
200000

201)
1
0
1
2
0
1
2

202)
100
10000000
12356
957813
97626322
10953
23309

203)
1
1
1
1
0
1
1

204)
1
1000000
100500
1
1000
100500
150750

205)
17
2
100499
19
7
100245
200744

206)
500000000
500000000
100500
499999999
499999999
100500
201000

207)
6
6
100500
4
4
100500
201000

208)
0
1
100500
2
0
100500
2

209)
1
1
10000
1
1
99999
1

210)
8
1
100
8
1
200
1

211)
3
3
50000
2
2
50000
100000

212)
498792878
298191928
100000
222828721
9878282
100098
200098

213)
499999999
499999999
100500
499999999
399999999
100500
200999

214)
1
1
10000
1
1
9000
1

215)
200
500000000
100500
197
490000000
100500
201000

216)
2
16
100500
64
2
100500
175875

217)
1
4
100500
1
4
100500
100500

218)
499000011
499000011
100000
499000013
499000013
100100
200100

219)
495104921
500000000
100500
495104551
376554347
100123
200623

220)
500000000
99999999
100500
500000000
99992399
100400
200899

221)
500000000
500000000
100000
499999999
500000000
99999
199999

222)
0
2
10
0
3
20
1

223)
1
0
1000
10
0
1200
3

224)
151581151
89
100500
141362197
83
100500
201000

225)
0
100500
100500
0
100500
100500
1

226)
3
1
100217
5
1
100207
2

227)
1
0
100500
1
1
100499
2
