56

0)
0
1

1)
3
21

2)
29
1548008755920

3)
0
1

4)
1
3

5)
2
8

6)
3
21

7)
4
55

8)
5
144

9)
6
377

10)
7
987

11)
8
2584

12)
9
6765

13)
10
17711

14)
11
46368

15)
12
121393

16)
13
317811

17)
14
832040

18)
15
2178309

19)
16
5702887

20)
17
14930352

21)
18
39088169

22)
19
102334155

23)
20
267914296

24)
21
701408733

25)
22
1836311903

26)
23
4807526976

27)
24
12586269025

28)
25
32951280099

29)
26
86267571272

30)
27
225851433717

31)
28
591286729879

32)
29
1548008755920

33)
30
4052739537881

34)
31
10610209857723

35)
32
27777890035288

36)
33
72723460248141

37)
34
190392490709135

38)
35
498454011879264

39)
36
1304969544928657

40)
37
3416454622906707

41)
38
8944394323791464

42)
39
23416728348467685

43)
40
61305790721611591

44)
41
160500643816367088

45)
42
420196140727489673

46)
43
1100087778366101931

47)
44
2880067194370816120

48)
9
6765

49)
29
1548008755920

50)
0
1

51)
44
2880067194370816120

52)
2
8

53)
38
8944394323791464

54)
37
3416454622906707

55)
43
1100087778366101931
